1_4_Mumford2_GA_Initial_solutions RESULTS EVALUATION:
\
HV:0.5616 | BM:0.6490

\
	Operator	Passenger
\
f1_ATT	28.9421		28.0169
\
f2_TRT	2091		2173
\
d_0	27.6136		29.0782
\
d_1	60.2308		62.9264
\
d_2	11.3119		7.7990
\
d_un	0.8437		0.1964

\
Best Operator Route set:
\
[[56, 87, 38, 63, 8, 90, 49, 52, 89, 64, 79],
[46, 86, 6, 85, 54, 3, 18, 92, 64, 73],
[29, 26, 82, 19, 22, 85, 94, 27, 17, 50, 75],
[37, 25, 70, 103, 62, 53, 63, 55, 39, 17, 95],
[47, 74, 38, 55, 101, 27, 21, 28, 86, 51],
[4, 107, 48, 72, 44, 82, 33, 31, 102, 88],
[68, 59, 27, 94, 105, 83, 15, 34, 18, 92],
[78, 39, 55, 63, 8, 90, 91, 49, 52, 89, 96],
[21, 27, 105, 83, 15, 34, 18, 92, 64, 109],
[1, 87, 38, 53, 90, 91, 52, 89, 11, 79],
[0, 87, 55, 45, 2, 15, 34, 18, 92, 44],
[29, 30, 44, 92, 18, 67, 93, 35, 8, 62],
[38, 63, 45, 55, 101, 27, 59, 28, 86, 51],
[89, 11, 73, 106, 57, 10, 52, 49, 91, 90],
[25, 7, 52, 89, 11, 79, 72, 26, 30, 43],
[69, 43, 30, 26, 44, 92, 18, 15, 2, 45, 87, 56],
[5, 11, 89, 52, 91, 90, 8, 62, 12, 60],
[39, 55, 45, 2, 15, 34, 18, 92, 64, 36, 107],
[61, 65, 17, 27, 105, 94, 81, 6, 24, 102, 71],
[87, 38, 63, 53, 8, 90, 49, 52, 89, 109],
[58, 38, 63, 53, 8, 90, 49, 52, 89, 96],
[36, 64, 89, 52, 49, 91, 90, 8, 63, 38],
[17, 27, 101, 55, 80, 87, 56, 65, 78, 39],
[16, 12, 62, 91, 49, 52, 89, 64, 36, 108],
[20, 50, 95, 27, 94, 83, 15, 34, 18, 92, 72],
[26, 72, 79, 64, 11, 73, 89, 52, 7, 84],
[76, 14, 99, 82, 44, 72, 108, 36, 107, 77],
[25, 7, 52, 100, 93, 3, 54, 85, 24, 102],
[29, 30, 43, 72, 108, 5, 42, 57, 40, 104],
[7, 49, 35, 15, 83, 94, 105, 27, 21, 28],
[31, 22, 85, 54, 15, 2, 45, 63, 38, 74],
[4, 107, 48, 72, 44, 82, 19, 102, 51, 86],
[21, 86, 6, 3, 66, 18, 92, 64, 96, 42],
[43, 30, 44, 92, 18, 15, 2, 63, 38, 80],
[41, 16, 12, 62, 8, 35, 34, 3, 19, 33, 99],
[41, 16, 12, 63, 45, 55, 39, 17, 95, 68],
[30, 26, 82, 23, 19, 85, 6, 81, 94, 101],
[33, 19, 85, 54, 15, 2, 63, 38, 80, 0, 97],
[50, 95, 59, 27, 105, 94, 85, 19, 33, 99],
[33, 19, 22, 85, 81, 105, 94, 101, 55, 87],
[58, 80, 38, 45, 2, 15, 34, 18, 92, 72],
[75, 20, 50, 95, 27, 105, 94, 85, 19, 82],
[63, 45, 2, 15, 54, 85, 22, 19, 33, 99],
[37, 10, 52, 100, 18, 9, 23, 31, 14, 76],
[63, 53, 8, 90, 49, 52, 89, 42, 5, 77],
[25, 70, 103, 62, 53, 63, 55, 39, 78, 95, 68],
[23, 9, 18, 98, 67, 93, 100, 52, 7, 25],
[28, 21, 59, 27, 101, 55, 80, 58, 74, 60],
[42, 73, 89, 52, 49, 35, 83, 94, 105, 27, 59],
[72, 92, 67, 98, 18, 93, 35, 8, 62, 103],
[45, 53, 8, 90, 49, 52, 89, 73, 42, 5, 77],
[13, 32, 68, 95, 17, 39, 55, 63, 12, 47],
[26, 82, 19, 22, 85, 6, 81, 94, 27, 95],
[0, 56, 65, 17, 95, 59, 28, 86, 51, 88],
[61, 0, 87, 38, 53, 8, 90, 49, 91, 100],
[78, 65, 39, 55, 45, 63, 53, 62, 103, 70, 84]]

\
Best Passenger Route set:
\
[[65, 39, 55, 63, 8, 90, 49, 52, 89, 73, 96],
[7, 49, 91, 35, 15, 54, 85, 24, 102, 88],
[29, 43, 44, 92, 67, 93, 35, 8, 62, 12, 47],
[78, 39, 55, 45, 2, 15, 34, 93, 67, 98],
[61, 65, 17, 95, 27, 94, 85, 22, 19, 33, 99, 69],
[48, 72, 92, 18, 15, 2, 45, 63, 38, 80],
[0, 87, 55, 101, 94, 6, 85, 22, 19, 23],
[5, 108, 36, 72, 44, 82, 33, 31, 102, 71],
[32, 59, 27, 101, 55, 45, 53, 62, 103, 70],
[41, 12, 63, 45, 55, 101, 27, 21, 28, 86, 51],
[0, 87, 38, 63, 8, 90, 49, 52, 89, 42],
[11, 89, 52, 91, 49, 90, 8, 63, 38, 58],
[28, 21, 59, 27, 101, 55, 45, 63, 12, 16, 41],
[43, 26, 82, 19, 22, 85, 94, 27, 95, 50, 68],
[20, 95, 27, 105, 83, 15, 18, 67, 92, 64, 109],
[25, 7, 52, 89, 64, 92, 44, 43, 30, 29],
[14, 31, 23, 9, 18, 67, 100, 52, 7, 84],
[74, 12, 62, 8, 90, 91, 52, 89, 11, 79],
[47, 12, 62, 8, 35, 93, 3, 19, 33, 76],
[10, 52, 49, 91, 35, 15, 83, 94, 27, 32, 13],
[17, 65, 39, 55, 63, 53, 62, 103, 7, 40],
[1, 87, 38, 53, 90, 91, 49, 52, 89, 73, 42, 5, 77],
[60, 12, 62, 8, 35, 93, 18, 67, 92, 72],
[75, 20, 95, 27, 94, 105, 83, 15, 34, 93],
[77, 107, 108, 36, 64, 92, 18, 34, 83, 94, 101],
[4, 107, 48, 72, 44, 82, 23, 19, 24, 86],
[56, 65, 17, 27, 105, 81, 85, 19, 33, 99, 69],
[28, 21, 27, 101, 55, 63, 53, 62, 103, 70, 25, 104],
[33, 19, 22, 54, 15, 2, 63, 38, 80, 97],
[37, 40, 57, 106, 73, 79, 72, 44, 82, 99, 76],
[46, 86, 6, 85, 54, 3, 9, 92, 64, 79],
[28, 86, 6, 54, 3, 66, 18, 92, 64, 96, 42],
[77, 107, 36, 48, 72, 44, 82, 33, 31, 88],
[28, 59, 27, 101, 55, 45, 63, 38, 74, 60],
[38, 63, 53, 8, 35, 15, 2, 94, 101, 55],
[61, 56, 87, 38, 63, 2, 15, 34, 18, 92, 72],
[30, 43, 72, 36, 108, 5, 42, 57, 40, 37],
[58, 80, 55, 101, 27, 21, 28, 86, 71, 88],
[58, 74, 12, 62, 90, 49, 52, 89, 11, 64],
[1, 87, 38, 63, 8, 49, 91, 52, 89, 64, 36],
[70, 103, 62, 8, 35, 34, 3, 22, 19, 33, 99],
[51, 86, 28, 21, 59, 95, 17, 56, 87, 97],
[57, 106, 73, 64, 92, 44, 82, 99, 14, 76],
[14, 33, 19, 22, 85, 94, 27, 17, 65, 56],
[20, 50, 95, 17, 39, 55, 63, 12, 103, 7, 37],
[73, 89, 52, 91, 49, 90, 8, 63, 55, 101],
[39, 55, 45, 63, 53, 90, 91, 52, 89, 109],
[41, 12, 62, 8, 35, 93, 67, 92, 44, 43],
[29, 43, 26, 82, 19, 22, 85, 94, 105, 27, 59],
[21, 27, 105, 83, 15, 35, 49, 52, 10, 40],
[12, 53, 8, 35, 93, 98, 67, 92, 44, 26],
[32, 59, 27, 94, 85, 22, 19, 82, 26, 30, 43],
[28, 21, 59, 27, 101, 55, 63, 53, 62, 103],
[78, 39, 55, 45, 63, 12, 62, 103, 70, 84],
[69, 99, 33, 19, 9, 18, 100, 91, 49, 90],
[74, 38, 63, 45, 2, 15, 54, 22, 31, 76]]

\
Best Operator Route set string:
\
56-87-38-63-8-90-49-52-89-64-79*46-86-6-85-54-3-18-92-64-73*29-26-82-19-22-85-94-27-17-50-75*37-25-70-103-62-53-63-55-39-17-95*47-74-38-55-101-27-21-28-86-51*4-107-48-72-44-82-33-31-102-88*68-59-27-94-105-83-15-34-18-92*78-39-55-63-8-90-91-49-52-89-96*21-27-105-83-15-34-18-92-64-109*1-87-38-53-90-91-52-89-11-79*0-87-55-45-2-15-34-18-92-44*29-30-44-92-18-67-93-35-8-62*38-63-45-55-101-27-59-28-86-51*89-11-73-106-57-10-52-49-91-90*25-7-52-89-11-79-72-26-30-43*69-43-30-26-44-92-18-15-2-45-87-56*5-11-89-52-91-90-8-62-12-60*39-55-45-2-15-34-18-92-64-36-107*61-65-17-27-105-94-81-6-24-102-71*87-38-63-53-8-90-49-52-89-109*58-38-63-53-8-90-49-52-89-96*36-64-89-52-49-91-90-8-63-38*17-27-101-55-80-87-56-65-78-39*16-12-62-91-49-52-89-64-36-108*20-50-95-27-94-83-15-34-18-92-72*26-72-79-64-11-73-89-52-7-84*76-14-99-82-44-72-108-36-107-77*25-7-52-100-93-3-54-85-24-102*29-30-43-72-108-5-42-57-40-104*7-49-35-15-83-94-105-27-21-28*31-22-85-54-15-2-45-63-38-74*4-107-48-72-44-82-19-102-51-86*21-86-6-3-66-18-92-64-96-42*43-30-44-92-18-15-2-63-38-80*41-16-12-62-8-35-34-3-19-33-99*41-16-12-63-45-55-39-17-95-68*30-26-82-23-19-85-6-81-94-101*33-19-85-54-15-2-63-38-80-0-97*50-95-59-27-105-94-85-19-33-99*33-19-22-85-81-105-94-101-55-87*58-80-38-45-2-15-34-18-92-72*75-20-50-95-27-105-94-85-19-82*63-45-2-15-54-85-22-19-33-99*37-10-52-100-18-9-23-31-14-76*63-53-8-90-49-52-89-42-5-77*25-70-103-62-53-63-55-39-78-95-68*23-9-18-98-67-93-100-52-7-25*28-21-59-27-101-55-80-58-74-60*42-73-89-52-49-35-83-94-105-27-59*72-92-67-98-18-93-35-8-62-103*45-53-8-90-49-52-89-73-42-5-77*13-32-68-95-17-39-55-63-12-47*26-82-19-22-85-6-81-94-27-95*0-56-65-17-95-59-28-86-51-88*61-0-87-38-53-8-90-49-91-100*78-65-39-55-45-63-53-62-103-70-84*

\
Best Passenger Route set sting:
\
65-39-55-63-8-90-49-52-89-73-96*7-49-91-35-15-54-85-24-102-88*29-43-44-92-67-93-35-8-62-12-47*78-39-55-45-2-15-34-93-67-98*61-65-17-95-27-94-85-22-19-33-99-69*48-72-92-18-15-2-45-63-38-80*0-87-55-101-94-6-85-22-19-23*5-108-36-72-44-82-33-31-102-71*32-59-27-101-55-45-53-62-103-70*41-12-63-45-55-101-27-21-28-86-51*0-87-38-63-8-90-49-52-89-42*11-89-52-91-49-90-8-63-38-58*28-21-59-27-101-55-45-63-12-16-41*43-26-82-19-22-85-94-27-95-50-68*20-95-27-105-83-15-18-67-92-64-109*25-7-52-89-64-92-44-43-30-29*14-31-23-9-18-67-100-52-7-84*74-12-62-8-90-91-52-89-11-79*47-12-62-8-35-93-3-19-33-76*10-52-49-91-35-15-83-94-27-32-13*17-65-39-55-63-53-62-103-7-40*1-87-38-53-90-91-49-52-89-73-42-5-77*60-12-62-8-35-93-18-67-92-72*75-20-95-27-94-105-83-15-34-93*77-107-108-36-64-92-18-34-83-94-101*4-107-48-72-44-82-23-19-24-86*56-65-17-27-105-81-85-19-33-99-69*28-21-27-101-55-63-53-62-103-70-25-104*33-19-22-54-15-2-63-38-80-97*37-40-57-106-73-79-72-44-82-99-76*46-86-6-85-54-3-9-92-64-79*28-86-6-54-3-66-18-92-64-96-42*77-107-36-48-72-44-82-33-31-88*28-59-27-101-55-45-63-38-74-60*38-63-53-8-35-15-2-94-101-55*61-56-87-38-63-2-15-34-18-92-72*30-43-72-36-108-5-42-57-40-37*58-80-55-101-27-21-28-86-71-88*58-74-12-62-90-49-52-89-11-64*1-87-38-63-8-49-91-52-89-64-36*70-103-62-8-35-34-3-22-19-33-99*51-86-28-21-59-95-17-56-87-97*57-106-73-64-92-44-82-99-14-76*14-33-19-22-85-94-27-17-65-56*20-50-95-17-39-55-63-12-103-7-37*73-89-52-91-49-90-8-63-55-101*39-55-45-63-53-90-91-52-89-109*41-12-62-8-35-93-67-92-44-43*29-43-26-82-19-22-85-94-105-27-59*21-27-105-83-15-35-49-52-10-40*12-53-8-35-93-98-67-92-44-26*32-59-27-94-85-22-19-82-26-30-43*28-21-59-27-101-55-63-53-62-103*78-39-55-45-63-12-62-103-70-84*69-99-33-19-9-18-100-91-49-90*74-38-63-45-2-15-54-22-31-76*