34_4_Mumford2_SA_Long_run RESULTS EVALUATION:
\
HV:0.6534 | BM:0.6490

\
	Operator	Passenger
\
f1_ATT	29.9080		25.6481
\
f2_TRT	1979		3583
\
d_0	22.7674		48.0672
\
d_1	58.6468		51.2911
\
d_2	18.0134		0.6417
\
d_un	0.5724		0.0000

\
Best Operator Route set:
\
[[25, 10, 52, 100, 18, 9, 23, 31, 102, 51],
[87, 38, 63, 8, 90, 91, 49, 52, 89, 109],
[86, 28, 21, 27, 101, 55, 45, 63, 12, 47],
[50, 17, 65, 39, 55, 63, 12, 103, 7, 37],
[53, 90, 91, 49, 52, 89, 11, 64, 36, 107],
[29, 43, 30, 26, 44, 92, 67, 93, 35, 8],
[42, 96, 64, 92, 9, 23, 19, 31, 102, 88],
[30, 43, 44, 92, 18, 15, 2, 63, 38, 87],
[13, 32, 59, 27, 94, 105, 83, 15, 34, 93],
[82, 19, 22, 6, 81, 105, 94, 101, 55, 87],
[61, 65, 17, 95, 68, 21, 28, 86, 51, 71],
[30, 43, 72, 79, 64, 11, 73, 106, 57, 40],
[33, 19, 22, 54, 15, 35, 8, 62, 103, 41],
[28, 86, 24, 19, 82, 44, 72, 48, 108, 36],
[71, 86, 28, 21, 59, 95, 17, 56, 87, 97],
[74, 12, 62, 8, 90, 91, 52, 89, 11, 5],
[1, 0, 87, 38, 63, 8, 90, 49, 52, 89],
[20, 17, 39, 55, 63, 53, 8, 90, 91, 52],
[43, 44, 92, 18, 67, 98, 93, 35, 8, 53],
[33, 19, 3, 66, 34, 35, 8, 62, 12, 60],
[29, 43, 30, 26, 82, 19, 85, 94, 105, 27],
[13, 32, 50, 17, 39, 55, 45, 63, 12, 16],
[14, 76, 99, 82, 44, 72, 79, 73, 106, 57],
[80, 38, 63, 53, 90, 49, 91, 52, 89, 96],
[36, 64, 92, 18, 15, 83, 94, 105, 27, 59],
[59, 27, 105, 81, 6, 22, 19, 33, 99, 69],
[29, 30, 43, 44, 92, 64, 89, 52, 7, 84],
[17, 65, 39, 55, 63, 12, 103, 70, 25, 104],
[78, 39, 55, 45, 2, 15, 18, 98, 67, 92],
[17, 39, 55, 63, 8, 90, 49, 52, 89, 106],
[30, 26, 82, 19, 22, 85, 6, 81, 94, 105],
[27, 105, 94, 83, 15, 34, 18, 92, 64, 79],
[53, 8, 90, 49, 52, 89, 96, 42, 5, 77],
[5, 42, 73, 89, 52, 49, 91, 90, 8, 53],
[46, 86, 28, 59, 27, 101, 55, 38, 74, 60],
[44, 92, 18, 67, 93, 35, 8, 62, 12, 74],
[14, 31, 24, 6, 81, 94, 27, 17, 65, 56],
[23, 9, 92, 64, 96, 11, 73, 106, 57, 40],
[36, 64, 92, 18, 15, 83, 94, 105, 27, 59],
[30, 43, 72, 79, 73, 89, 106, 57, 40, 37],
[80, 38, 63, 8, 90, 49, 91, 52, 89, 109],
[51, 86, 28, 59, 95, 17, 65, 56, 87, 80],
[45, 63, 53, 8, 90, 49, 91, 52, 89, 109],
[75, 20, 50, 95, 27, 105, 94, 85, 19, 33],
[51, 86, 28, 21, 27, 101, 55, 45, 38, 58],
[0, 87, 38, 63, 53, 90, 91, 52, 89, 11],
[50, 95, 27, 94, 81, 6, 22, 19, 33, 99],
[44, 92, 18, 67, 98, 93, 35, 8, 62, 103],
[17, 65, 39, 55, 45, 63, 53, 62, 103, 7],
[80, 38, 53, 8, 90, 49, 52, 89, 64, 36],
[59, 27, 105, 94, 83, 35, 49, 52, 89, 73],
[80, 38, 63, 8, 90, 49, 91, 52, 89, 109],
[20, 50, 65, 39, 55, 45, 63, 12, 103, 70],
[4, 36, 64, 89, 52, 49, 90, 8, 62, 12],
[36, 64, 92, 18, 34, 15, 83, 105, 27, 17],
[69, 99, 33, 19, 22, 85, 6, 81, 94, 101]]

\
Best Passenger Route set:
\
[[59, 27, 17, 65, 39, 55, 101, 94, 85, 22, 19, 23, 82],
[4, 36, 108, 79, 11, 89, 52, 49, 90, 53, 38, 87, 0, 61],
[5, 77, 4, 36, 108, 79, 64, 109, 89, 52, 10, 70, 41, 47, 12, 53],
[96, 89, 109, 64, 92, 18, 34, 83, 105, 27, 95, 68, 13, 28, 86, 71, 88],
[29, 43, 30, 26, 44, 92, 67, 100, 91, 62, 12, 16, 41],
[58, 60, 47, 16, 12, 63, 38, 45, 2, 94, 85, 3, 9, 92, 64, 96, 42, 5, 36, 4],
[75, 68, 59, 27, 94, 6, 85, 22, 31, 33, 23, 9, 18, 93],
[61, 1, 97, 80, 45, 2, 83, 3, 19, 33, 99, 69, 14, 102, 88, 51, 46],
[63, 2, 83, 35, 90, 91, 100, 18, 9, 19, 102, 88, 71],
[69, 99, 33, 19, 9, 92, 67, 98, 93, 35, 8, 53, 38, 80, 0, 1, 61],
[41, 103, 70, 7, 57, 42, 96, 11, 64, 92, 67, 98, 93, 100, 52, 49],
[105, 27, 95, 17, 65, 61, 56, 87, 45, 2, 15, 18, 92, 48, 107, 77],
[51, 71, 88, 102, 76, 14, 69, 30, 26, 72, 48, 79, 73, 89, 52, 7, 70, 103, 12, 38, 45],
[13, 32, 68, 95, 17, 56, 87, 97, 58, 74, 16, 70, 7, 25, 40, 57, 10],
[75, 50, 95, 17, 27, 101, 94, 81, 6, 85, 19, 82, 44, 72, 36, 108, 4],
[3, 18, 98, 67, 93, 34, 83, 94, 27, 32, 13, 50, 20, 75],
[44, 43, 30, 26, 82, 19, 85, 94, 27, 17, 56, 1, 0, 80, 63, 12, 103],
[46, 86, 6, 54, 3, 93, 100, 52, 10, 40, 37, 7, 41, 47, 60, 58, 80, 87],
[81, 94, 83, 35, 90, 8, 12, 47, 16, 103, 70, 84, 25],
[76, 14, 99, 82, 23, 9, 93, 35, 8, 12, 16, 41, 7, 49, 91],
[13, 21, 86, 24, 22, 3, 66, 9, 92, 64, 89, 106, 57, 40, 10],
[4, 36, 72, 92, 18, 15, 83, 94, 27, 95, 20, 50, 17, 78],
[32, 50, 75, 17, 56, 87, 38, 53, 62, 8, 91, 90],
[59, 28, 46, 51, 88, 71, 86, 21, 27, 101, 55, 38, 74, 47, 16, 70, 25, 10, 57, 106],
[25, 104, 84, 7, 52, 100, 18, 9, 23, 33, 76, 14],
[43, 30, 26, 82, 33, 102, 51, 46, 28, 21, 27, 101, 55, 63, 12, 41, 70, 84, 37, 25],
[4, 108, 36, 64, 89, 52, 91, 62, 12, 74, 58],
[71, 88, 102, 31, 33, 82, 44, 72, 79, 73, 106, 89, 96],
[75, 20, 17, 39, 55, 45, 53, 90, 49, 91],
[9, 66, 34, 15, 2, 45, 80, 55, 101, 94, 105, 83],
[82, 23, 9, 3, 15, 34, 54, 85, 24, 31, 14, 69, 43, 72, 108, 107, 5, 42, 106, 73, 11, 109],
[77, 5, 42, 73, 64, 92, 18, 66, 6, 86, 28, 21, 59],
[105, 83, 15, 34, 3, 6, 86, 28, 59, 95, 17, 39, 87, 38, 63, 12, 47],
[94, 105, 81, 3, 18, 92, 72, 108, 36, 48],
[48, 44, 30, 29, 43, 72, 92, 67, 93, 35, 2, 45, 55, 39, 78, 95, 20, 75],
[17, 32, 59, 27, 101, 55, 45, 53, 62, 103, 70, 84, 104, 37, 57, 106, 11, 79, 108, 5, 42, 96],
[109, 64, 96, 73, 89, 52, 49, 90, 8, 63, 55, 39, 65, 50, 68, 32, 59],
[91, 49, 90, 62, 47, 60, 12, 8, 35, 34, 3, 19, 31, 14, 76],
[56, 0, 39, 78, 17, 27, 94, 85, 3, 66, 93, 98, 67, 100, 52],
[108, 36, 107, 77, 5, 11, 89, 52, 91, 90, 53, 38, 80, 97, 1, 61],
[60, 41, 103, 62, 8, 35, 15, 54, 24, 102, 51],
[103, 70, 104, 41, 16, 47, 62, 8, 35, 83, 105, 27, 95, 20, 75, 50, 65, 78],
[1, 97, 58, 38, 63, 2, 94, 105, 81, 6, 24, 102, 33, 23],
[102, 31, 33, 82, 44, 72, 36, 5, 42, 57, 40, 7, 49, 90, 35, 15, 66, 93, 100],
[42, 5, 107, 48, 44, 82, 19, 24, 86, 28, 21, 32, 68, 75, 20, 50],
[83, 2, 45, 55, 39, 78, 65, 0, 97, 58, 60, 74, 38, 63, 53, 62],
[58, 80, 38, 63, 2, 15, 54, 22, 19, 33, 31, 88, 71],
[1, 87, 55, 101, 94, 85, 19, 82, 26, 29],
[29, 30, 69, 99, 33, 19, 85, 94, 27, 95, 50, 68, 21, 28],
[99, 14, 76, 102, 51, 86, 21, 68, 95, 78, 0, 1, 97],
[81, 6, 22, 85, 54, 15, 35, 91, 49, 7, 25, 70, 103, 62],
[88, 31, 24, 86, 28, 21, 32, 20, 68, 59, 27, 94, 85, 54, 66, 18, 67, 100, 52, 89, 106, 73],
[75, 20, 50, 65, 56, 87, 38, 12, 103, 7, 37, 57, 42, 89, 52, 10],
[69, 30, 43, 72, 79, 11, 89, 52, 7, 25, 104, 41, 60, 74, 58, 80, 55, 101, 27, 32, 13, 21],
[107, 5, 42, 89, 52, 49, 35, 83, 94, 27, 59, 32, 13],
[4, 107, 36, 64, 89, 52, 49, 90, 8, 63, 38, 87, 56, 17]]

\
Best Operator Route set string:
\
25-10-52-100-18-9-23-31-102-51*87-38-63-8-90-91-49-52-89-109*86-28-21-27-101-55-45-63-12-47*50-17-65-39-55-63-12-103-7-37*53-90-91-49-52-89-11-64-36-107*29-43-30-26-44-92-67-93-35-8*42-96-64-92-9-23-19-31-102-88*30-43-44-92-18-15-2-63-38-87*13-32-59-27-94-105-83-15-34-93*82-19-22-6-81-105-94-101-55-87*61-65-17-95-68-21-28-86-51-71*30-43-72-79-64-11-73-106-57-40*33-19-22-54-15-35-8-62-103-41*28-86-24-19-82-44-72-48-108-36*71-86-28-21-59-95-17-56-87-97*74-12-62-8-90-91-52-89-11-5*1-0-87-38-63-8-90-49-52-89*20-17-39-55-63-53-8-90-91-52*43-44-92-18-67-98-93-35-8-53*33-19-3-66-34-35-8-62-12-60*29-43-30-26-82-19-85-94-105-27*13-32-50-17-39-55-45-63-12-16*14-76-99-82-44-72-79-73-106-57*80-38-63-53-90-49-91-52-89-96*36-64-92-18-15-83-94-105-27-59*59-27-105-81-6-22-19-33-99-69*29-30-43-44-92-64-89-52-7-84*17-65-39-55-63-12-103-70-25-104*78-39-55-45-2-15-18-98-67-92*17-39-55-63-8-90-49-52-89-106*30-26-82-19-22-85-6-81-94-105*27-105-94-83-15-34-18-92-64-79*53-8-90-49-52-89-96-42-5-77*5-42-73-89-52-49-91-90-8-53*46-86-28-59-27-101-55-38-74-60*44-92-18-67-93-35-8-62-12-74*14-31-24-6-81-94-27-17-65-56*23-9-92-64-96-11-73-106-57-40*36-64-92-18-15-83-94-105-27-59*30-43-72-79-73-89-106-57-40-37*80-38-63-8-90-49-91-52-89-109*51-86-28-59-95-17-65-56-87-80*45-63-53-8-90-49-91-52-89-109*75-20-50-95-27-105-94-85-19-33*51-86-28-21-27-101-55-45-38-58*0-87-38-63-53-90-91-52-89-11*50-95-27-94-81-6-22-19-33-99*44-92-18-67-98-93-35-8-62-103*17-65-39-55-45-63-53-62-103-7*80-38-53-8-90-49-52-89-64-36*59-27-105-94-83-35-49-52-89-73*80-38-63-8-90-49-91-52-89-109*20-50-65-39-55-45-63-12-103-70*4-36-64-89-52-49-90-8-62-12*36-64-92-18-34-15-83-105-27-17*69-99-33-19-22-85-6-81-94-101*

\
Best Passenger Route set sting:
\
59-27-17-65-39-55-101-94-85-22-19-23-82*4-36-108-79-11-89-52-49-90-53-38-87-0-61*5-77-4-36-108-79-64-109-89-52-10-70-41-47-12-53*96-89-109-64-92-18-34-83-105-27-95-68-13-28-86-71-88*29-43-30-26-44-92-67-100-91-62-12-16-41*58-60-47-16-12-63-38-45-2-94-85-3-9-92-64-96-42-5-36-4*75-68-59-27-94-6-85-22-31-33-23-9-18-93*61-1-97-80-45-2-83-3-19-33-99-69-14-102-88-51-46*63-2-83-35-90-91-100-18-9-19-102-88-71*69-99-33-19-9-92-67-98-93-35-8-53-38-80-0-1-61*41-103-70-7-57-42-96-11-64-92-67-98-93-100-52-49*105-27-95-17-65-61-56-87-45-2-15-18-92-48-107-77*51-71-88-102-76-14-69-30-26-72-48-79-73-89-52-7-70-103-12-38-45*13-32-68-95-17-56-87-97-58-74-16-70-7-25-40-57-10*75-50-95-17-27-101-94-81-6-85-19-82-44-72-36-108-4*3-18-98-67-93-34-83-94-27-32-13-50-20-75*44-43-30-26-82-19-85-94-27-17-56-1-0-80-63-12-103*46-86-6-54-3-93-100-52-10-40-37-7-41-47-60-58-80-87*81-94-83-35-90-8-12-47-16-103-70-84-25*76-14-99-82-23-9-93-35-8-12-16-41-7-49-91*13-21-86-24-22-3-66-9-92-64-89-106-57-40-10*4-36-72-92-18-15-83-94-27-95-20-50-17-78*32-50-75-17-56-87-38-53-62-8-91-90*59-28-46-51-88-71-86-21-27-101-55-38-74-47-16-70-25-10-57-106*25-104-84-7-52-100-18-9-23-33-76-14*43-30-26-82-33-102-51-46-28-21-27-101-55-63-12-41-70-84-37-25*4-108-36-64-89-52-91-62-12-74-58*71-88-102-31-33-82-44-72-79-73-106-89-96*75-20-17-39-55-45-53-90-49-91*9-66-34-15-2-45-80-55-101-94-105-83*82-23-9-3-15-34-54-85-24-31-14-69-43-72-108-107-5-42-106-73-11-109*77-5-42-73-64-92-18-66-6-86-28-21-59*105-83-15-34-3-6-86-28-59-95-17-39-87-38-63-12-47*94-105-81-3-18-92-72-108-36-48*48-44-30-29-43-72-92-67-93-35-2-45-55-39-78-95-20-75*17-32-59-27-101-55-45-53-62-103-70-84-104-37-57-106-11-79-108-5-42-96*109-64-96-73-89-52-49-90-8-63-55-39-65-50-68-32-59*91-49-90-62-47-60-12-8-35-34-3-19-31-14-76*56-0-39-78-17-27-94-85-3-66-93-98-67-100-52*108-36-107-77-5-11-89-52-91-90-53-38-80-97-1-61*60-41-103-62-8-35-15-54-24-102-51*103-70-104-41-16-47-62-8-35-83-105-27-95-20-75-50-65-78*1-97-58-38-63-2-94-105-81-6-24-102-33-23*102-31-33-82-44-72-36-5-42-57-40-7-49-90-35-15-66-93-100*42-5-107-48-44-82-19-24-86-28-21-32-68-75-20-50*83-2-45-55-39-78-65-0-97-58-60-74-38-63-53-62*58-80-38-63-2-15-54-22-19-33-31-88-71*1-87-55-101-94-85-19-82-26-29*29-30-69-99-33-19-85-94-27-95-50-68-21-28*99-14-76-102-51-86-21-68-95-78-0-1-97*81-6-22-85-54-15-35-91-49-7-25-70-103-62*88-31-24-86-28-21-32-20-68-59-27-94-85-54-66-18-67-100-52-89-106-73*75-20-50-65-56-87-38-12-103-7-37-57-42-89-52-10*69-30-43-72-79-11-89-52-7-25-104-41-60-74-58-80-55-101-27-32-13-21*107-5-42-89-52-49-35-83-94-27-59-32-13*4-107-36-64-89-52-49-90-8-63-38-87-56-17*