10_3_Mumford1_GA_Long_run RESULTS EVALUATION:
\
HV:0.8114 | BM:0.7758

\
	Operator	Passenger
\
f1_ATT	31.2583		21.9443
\
f2_TRT	465		1851
\
d_0	19.7033		62.1124
\
d_1	42.0897		37.8409
\
d_2	33.8724		0.0467
\
d_un	4.3345		0.0000

\
Best Operator Route set:
\
[[8, 28, 10, 20, 33, 22, 19, 54, 5, 67],
[17, 10, 55, 16, 26, 1, 31, 11, 9, 68],
[43, 50, 2, 0, 23, 69, 3, 66, 19, 38],
[55, 10, 16, 1, 26, 30, 24, 21, 63, 6],
[55, 10, 16, 26, 1, 49, 11, 31, 9, 68],
[43, 13, 22, 38, 66, 48, 39, 32, 18, 54],
[43, 20, 55, 10, 16, 26, 30, 24, 63, 21],
[35, 51, 64, 52, 20, 17, 61, 60, 44, 14],
[7, 53, 47, 6, 56, 8, 10, 59, 9, 68],
[46, 40, 7, 4, 12, 25, 41, 34, 57, 35],
[40, 7, 4, 25, 12, 41, 34, 57, 35, 51],
[29, 3, 66, 19, 38, 36, 41, 12, 25, 27],
[5, 37, 65, 18, 54, 36, 45, 58, 51, 35],
[43, 50, 2, 0, 23, 69, 3, 66, 19, 38],
[64, 52, 55, 10, 16, 26, 49, 15, 42, 62]]

\
Best Passenger Route set:
\
[[69, 29, 19, 36, 45, 58, 51, 56, 8, 52, 20, 13, 22, 38, 3, 48, 66, 54, 5, 67, 27, 12, 25, 34, 35, 6, 63, 21, 30, 15],
[14, 61, 43, 13, 22, 45, 41, 25, 4, 7, 40, 47, 6, 56, 8, 26, 1, 31, 11, 9, 17, 50, 2, 0, 69, 18, 5, 65, 37, 32],
[14, 61, 17, 50, 0, 3, 66, 19, 18, 67, 5, 54, 36, 22, 33, 20, 10, 28, 8, 26, 30, 21, 63],
[31, 11, 68, 9, 16, 55, 52, 64, 58, 34, 51, 56, 28, 10, 17, 44, 60, 61, 43, 33, 22, 38, 54, 5, 37, 67, 27, 25, 4, 7],
[13, 43, 17, 59, 9, 31, 1, 49, 15, 62, 24, 30, 26, 16, 10, 20, 33, 22, 19, 18, 39, 32, 5, 67, 27, 41, 58, 64, 35, 6],
[61, 60, 44, 14, 2, 23, 3, 48, 39, 18, 54, 36, 45, 34, 35, 6, 21, 24, 42, 62, 26, 1, 16, 10, 52, 64, 58, 33, 50, 0],
[31, 11, 9, 17, 50, 23, 29, 48, 39, 32, 65, 37, 67, 27, 41, 35, 51, 8, 26, 49, 15, 42],
[47, 6, 35, 58, 33, 13, 43, 61, 44, 60, 17, 20, 52, 64, 51, 57, 25, 4, 7, 46, 40, 12, 27, 67, 37, 65, 54, 36, 41, 34],
[21, 24, 62, 49, 11, 9, 68, 1, 26, 30, 63, 6, 47, 53, 4, 25, 41, 36, 38, 69, 23, 50, 33, 58, 57, 34, 45, 22, 19, 66],
[32, 18, 38, 36, 41, 57, 35, 6, 47, 53, 46, 40, 7, 4, 25, 34, 58, 33, 50, 2, 14, 44, 17, 59, 1, 49, 42, 62, 30],
[31, 11, 9, 16, 10, 8, 51, 57, 25, 12, 4, 53, 46, 40, 7, 47, 6, 21, 24, 30, 26, 1, 59, 17, 50, 23, 69, 48, 39, 32],
[14, 44, 61, 17, 55, 8, 56, 6, 47, 53, 46, 40, 12, 41, 36, 19, 3, 48, 39, 18, 38, 22, 13, 50, 0, 23, 29],
[28, 8, 52, 64, 58, 45, 36, 54, 66, 69, 23, 50, 43, 20, 55, 16, 26, 49, 15, 30, 63, 6, 56, 51, 41, 27, 67, 37],
[12, 25, 27, 67, 18, 69, 29, 3, 66, 38, 36, 45, 34, 35, 6, 63, 24, 62, 42, 15, 11, 68, 9, 17, 20, 33, 22, 19, 65, 37],
[4, 25, 27, 12, 41, 58, 64, 52, 55, 10, 59, 17, 43, 13, 22, 19, 54, 32, 39, 48, 66, 38, 36, 45, 34, 51, 8, 28]]

\
Best Operator Route set string:
\
8-28-10-20-33-22-19-54-5-67*17-10-55-16-26-1-31-11-9-68*43-50-2-0-23-69-3-66-19-38*55-10-16-1-26-30-24-21-63-6*55-10-16-26-1-49-11-31-9-68*43-13-22-38-66-48-39-32-18-54*43-20-55-10-16-26-30-24-63-21*35-51-64-52-20-17-61-60-44-14*7-53-47-6-56-8-10-59-9-68*46-40-7-4-12-25-41-34-57-35*40-7-4-25-12-41-34-57-35-51*29-3-66-19-38-36-41-12-25-27*5-37-65-18-54-36-45-58-51-35*43-50-2-0-23-69-3-66-19-38*64-52-55-10-16-26-49-15-42-62*

\
Best Passenger Route set sting:
\
69-29-19-36-45-58-51-56-8-52-20-13-22-38-3-48-66-54-5-67-27-12-25-34-35-6-63-21-30-15*14-61-43-13-22-45-41-25-4-7-40-47-6-56-8-26-1-31-11-9-17-50-2-0-69-18-5-65-37-32*14-61-17-50-0-3-66-19-18-67-5-54-36-22-33-20-10-28-8-26-30-21-63*31-11-68-9-16-55-52-64-58-34-51-56-28-10-17-44-60-61-43-33-22-38-54-5-37-67-27-25-4-7*13-43-17-59-9-31-1-49-15-62-24-30-26-16-10-20-33-22-19-18-39-32-5-67-27-41-58-64-35-6*61-60-44-14-2-23-3-48-39-18-54-36-45-34-35-6-21-24-42-62-26-1-16-10-52-64-58-33-50-0*31-11-9-17-50-23-29-48-39-32-65-37-67-27-41-35-51-8-26-49-15-42*47-6-35-58-33-13-43-61-44-60-17-20-52-64-51-57-25-4-7-46-40-12-27-67-37-65-54-36-41-34*21-24-62-49-11-9-68-1-26-30-63-6-47-53-4-25-41-36-38-69-23-50-33-58-57-34-45-22-19-66*32-18-38-36-41-57-35-6-47-53-46-40-7-4-25-34-58-33-50-2-14-44-17-59-1-49-42-62-30*31-11-9-16-10-8-51-57-25-12-4-53-46-40-7-47-6-21-24-30-26-1-59-17-50-23-69-48-39-32*14-44-61-17-55-8-56-6-47-53-46-40-12-41-36-19-3-48-39-18-38-22-13-50-0-23-29*28-8-52-64-58-45-36-54-66-69-23-50-43-20-55-16-26-49-15-30-63-6-56-51-41-27-67-37*12-25-27-67-18-69-29-3-66-38-36-45-34-35-6-63-24-62-42-15-11-68-9-17-20-33-22-19-65-37*4-25-27-12-41-58-64-52-55-10-59-17-43-13-22-19-54-32-39-48-66-38-36-45-34-51-8-28*