10_2_Mumford0_GA_Long_run RESULTS EVALUATION:
\
HV:0.8551 | BM:0.8087

\
	Operator	Passenger
\
f1_ATT	27.1709		14.3377
\
f2_TRT	94		635
\
d_0	24.7136		86.9359
\
d_1	38.3125		13.0641
\
d_2	26.7711		0.0000
\
d_un	10.2028		0.0000

\
Best Operator Route set:
\
[[13, 6, 10, 15],
[18, 0, 22],
[11, 17],
[4, 24],
[26, 0],
[2, 29],
[9, 1],
[5, 21, 10, 2, 27, 7, 28, 25, 22, 17, 19, 12],
[1, 23, 14, 24, 20, 7],
[16, 27],
[1, 3],
[8, 12]]

\
Best Passenger Route set:
\
[[4, 24, 1, 3, 23, 20, 7, 28, 16, 27, 29, 2, 21],
[9, 23, 20, 7, 25, 0, 26, 8, 19, 22, 18],
[1, 3, 24, 7, 27, 10, 21, 5, 6, 16, 28, 25, 11, 14, 20],
[9, 1, 4, 20, 7, 16, 15, 21, 5, 6, 13, 0, 19, 12, 8],
[9, 1, 3, 11, 17, 22, 0, 18, 13, 6, 10, 29, 2, 15, 5],
[9, 23, 14, 7, 27, 10, 15, 6, 13, 18, 12, 0, 28, 16, 2],
[15, 10, 16, 28, 17, 19, 22, 18, 0, 26],
[29, 2, 7, 20, 24, 1, 3, 4, 23, 14, 11, 17, 22, 18, 13],
[12, 0, 28, 7, 14, 9, 3, 11, 17, 22, 18, 13, 6, 21, 5],
[13, 18, 0, 25, 7, 4, 24, 14, 11, 17, 12, 8, 26],
[8, 12, 19, 17, 11, 3, 1, 9, 23, 14, 7, 16, 6, 5, 21],
[2, 29, 27, 7, 25, 22, 19, 12, 8, 26, 0, 13, 6, 21, 5]]

\
Best Operator Route set string:
\
13-6-10-15*18-0-22*11-17*4-24*26-0*2-29*9-1*5-21-10-2-27-7-28-25-22-17-19-12*1-23-14-24-20-7*16-27*1-3*8-12*

\
Best Passenger Route set sting:
\
4-24-1-3-23-20-7-28-16-27-29-2-21*9-23-20-7-25-0-26-8-19-22-18*1-3-24-7-27-10-21-5-6-16-28-25-11-14-20*9-1-4-20-7-16-15-21-5-6-13-0-19-12-8*9-1-3-11-17-22-0-18-13-6-10-29-2-15-5*9-23-14-7-27-10-15-6-13-18-12-0-28-16-2*15-10-16-28-17-19-22-18-0-26*29-2-7-20-24-1-3-4-23-14-11-17-22-18-13*12-0-28-7-14-9-3-11-17-22-18-13-6-21-5*13-18-0-25-7-4-24-14-11-17-12-8-26*8-12-19-17-11-3-1-9-23-14-7-16-6-5-21*2-29-27-7-25-22-19-12-8-26-0-13-6-21-5*