1_5_Mumford3_GA_Initial_solutions RESULTS EVALUATION:
\
HV:0.4984 | BM:0.6385

\
	Operator	Passenger
\
f1_ATT	32.2229		31.2096
\
f2_TRT	2724		2752
\
d_0	25.1702		26.8584
\
d_1	57.7002		60.9309
\
d_2	16.0569		11.4497
\
d_un	1.0727		0.7611

\
Best Operator Route set:
\
[[126, 73, 48, 97, 11, 77, 67, 118, 52, 89, 17, 64, 111],
[83, 92, 126, 48, 79, 2, 23, 53, 61, 106, 87, 110],
[31, 51, 52, 118, 1, 11, 79, 97, 48, 73, 60, 75],
[41, 25, 39, 46, 11, 2, 37, 23, 53, 61, 108, 115],
[32, 60, 73, 48, 97, 11, 77, 1, 118, 52, 89, 42],
[54, 51, 52, 122, 94, 29, 80, 66, 14, 100, 71, 96],
[21, 125, 88, 101, 0, 79, 2, 114, 78, 96, 71, 3, 107],
[10, 117, 86, 24, 5, 36, 80, 66, 74, 114, 16, 112],
[56, 12, 3, 96, 71, 78, 114, 2, 11, 46, 39, 30, 57],
[69, 43, 113, 42, 89, 31, 39, 88, 93, 40, 50, 83],
[68, 3, 96, 71, 78, 114, 2, 48, 73, 126, 92, 76],
[20, 32, 60, 73, 48, 2, 23, 53, 14, 61, 108, 106],
[34, 56, 12, 3, 78, 114, 2, 79, 0, 120, 65, 116],
[8, 22, 30, 33, 39, 46, 11, 2, 114, 78, 71, 96],
[15, 12, 100, 14, 53, 66, 80, 63, 58, 105, 104, 59],
[16, 114, 23, 72, 124, 66, 53, 14, 100, 78, 96, 71],
[62, 16, 114, 23, 72, 66, 80, 63, 105, 104, 43, 64],
[6, 73, 48, 97, 11, 1, 118, 52, 89, 113, 90, 103],
[50, 83, 92, 126, 73, 48, 2, 23, 53, 14, 61, 102],
[44, 93, 120, 0, 79, 37, 23, 53, 61, 87, 110, 84],
[123, 35, 125, 91, 88, 101, 0, 79, 2, 114, 78, 96, 71],
[6, 73, 48, 2, 49, 66, 80, 63, 58, 105, 104, 18, 109],
[16, 114, 74, 23, 72, 66, 53, 14, 100, 78, 71, 96],
[4, 43, 105, 63, 80, 9, 124, 72, 49, 2, 48, 99],
[13, 50, 40, 7, 11, 1, 27, 81, 29, 5, 24, 117],
[54, 51, 52, 122, 29, 80, 66, 53, 14, 61, 108, 115],
[15, 12, 100, 14, 53, 66, 80, 63, 58, 105, 43, 90],
[35, 91, 88, 101, 0, 79, 37, 23, 53, 14, 61, 106],
[34, 68, 110, 87, 24, 36, 5, 58, 105, 104, 59, 89],
[28, 17, 42, 105, 58, 63, 80, 66, 53, 14, 100, 12, 107],
[19, 32, 60, 73, 48, 2, 49, 72, 70, 9, 80, 63],
[96, 71, 78, 114, 2, 11, 46, 39, 30, 22, 8, 119],
[75, 60, 73, 48, 79, 11, 77, 1, 118, 52, 89, 42, 113],
[69, 43, 113, 42, 89, 52, 118, 1, 11, 26, 126, 92, 85],
[59, 89, 51, 52, 118, 1, 77, 11, 0, 48, 73, 60],
[56, 12, 3, 71, 78, 114, 2, 48, 73, 126, 92, 83],
[19, 32, 60, 73, 48, 2, 37, 23, 53, 14, 61, 106],
[34, 56, 12, 3, 78, 114, 2, 79, 0, 120, 65, 116],
[45, 73, 48, 2, 49, 124, 66, 80, 63, 105, 43, 103],
[13, 95, 44, 82, 88, 39, 31, 51, 89, 59, 104, 18],
[34, 56, 12, 3, 78, 114, 2, 79, 0, 120, 93, 44],
[17, 89, 52, 118, 1, 77, 11, 79, 48, 73, 6, 112],
[75, 60, 73, 48, 2, 49, 124, 66, 80, 36, 24, 117],
[20, 32, 60, 73, 48, 2, 37, 23, 53, 61, 108, 115],
[51, 52, 118, 1, 77, 11, 0, 48, 73, 6, 45, 112],
[73, 48, 0, 11, 77, 1, 118, 52, 89, 42, 17, 64, 111],
[121, 91, 88, 101, 0, 79, 2, 37, 23, 53, 14, 108, 115],
[15, 3, 71, 96, 78, 114, 2, 48, 126, 92, 83, 50],
[41, 25, 88, 101, 0, 79, 2, 37, 23, 53, 61, 115],
[85, 20, 32, 45, 55, 16, 114, 78, 71, 96, 3, 107],
[4, 43, 113, 89, 52, 118, 1, 77, 11, 26, 126, 92],
[8, 41, 25, 88, 101, 0, 79, 2, 114, 78, 96, 71],
[71, 96, 78, 114, 16, 55, 45, 6, 60, 32, 20, 85],
[19, 92, 126, 26, 11, 77, 1, 118, 52, 89, 113, 98],
[90, 113, 42, 89, 52, 118, 1, 77, 11, 79, 48, 99],
[38, 51, 52, 122, 94, 29, 80, 66, 14, 100, 12, 56],
[34, 68, 110, 87, 102, 24, 5, 29, 94, 122, 52, 51, 47],
[54, 31, 51, 52, 122, 29, 80, 66, 14, 100, 71, 96],
[75, 60, 73, 48, 97, 79, 11, 1, 118, 52, 89, 113, 90],
[19, 32, 60, 73, 48, 2, 49, 72, 124, 9, 63, 58, 105]]

\
Best Passenger Route set:
\
[[98, 43, 105, 58, 63, 80, 66, 53, 14, 100, 3, 107],
[17, 42, 89, 52, 118, 1, 77, 11, 97, 48, 99, 55],
[41, 30, 33, 39, 46, 11, 2, 114, 78, 71, 3, 56],
[12, 3, 71, 96, 78, 114, 2, 79, 11, 46, 39, 33],
[83, 50, 65, 82, 88, 39, 31, 89, 113, 43, 69, 109],
[10, 86, 24, 5, 36, 80, 66, 49, 2, 48, 126, 92, 76],
[71, 96, 100, 14, 53, 66, 80, 63, 58, 104, 59, 113],
[34, 56, 12, 3, 78, 114, 2, 79, 0, 26, 40, 95],
[76, 83, 50, 40, 82, 88, 39, 31, 89, 42, 90, 103],
[21, 22, 30, 33, 31, 89, 42, 113, 43, 69, 10, 117],
[84, 110, 87, 61, 53, 23, 37, 79, 0, 120, 65, 116, 44],
[112, 6, 45, 73, 48, 26, 101, 88, 25, 41, 8, 119],
[3, 96, 71, 78, 114, 2, 79, 0, 101, 88, 91, 35],
[15, 3, 96, 100, 14, 53, 66, 80, 29, 122, 52, 89],
[55, 16, 114, 74, 66, 80, 36, 5, 24, 117, 86, 109],
[6, 45, 73, 48, 2, 49, 66, 80, 63, 105, 43, 103],
[55, 16, 114, 23, 72, 70, 80, 63, 105, 43, 103, 111],
[4, 43, 105, 63, 80, 9, 124, 72, 49, 2, 48, 73, 60],
[18, 104, 105, 58, 63, 9, 72, 124, 49, 2, 48, 73, 60, 75],
[34, 68, 110, 87, 24, 36, 5, 29, 94, 122, 52, 51, 47],
[31, 51, 52, 122, 29, 5, 36, 24, 87, 110, 68, 34],
[50, 83, 92, 126, 48, 2, 114, 78, 71, 96, 3, 107],
[102, 24, 5, 29, 122, 52, 51, 31, 33, 30, 22, 119],
[12, 100, 78, 114, 16, 55, 45, 6, 60, 32, 20, 85],
[28, 43, 104, 105, 58, 63, 80, 66, 53, 14, 100, 78],
[13, 50, 83, 92, 126, 48, 2, 37, 23, 53, 61, 102],
[107, 3, 71, 96, 78, 114, 2, 79, 0, 101, 88, 121],
[71, 96, 100, 14, 53, 66, 80, 63, 58, 104, 59, 113],
[8, 30, 39, 46, 11, 2, 114, 78, 71, 96, 3, 15],
[76, 92, 126, 48, 2, 37, 23, 53, 14, 61, 108, 102],
[47, 51, 52, 122, 94, 29, 80, 66, 14, 100, 71, 96],
[32, 60, 73, 48, 97, 79, 11, 1, 118, 52, 89, 42, 90],
[12, 100, 14, 53, 66, 80, 29, 122, 52, 51, 31, 47],
[31, 51, 52, 27, 81, 29, 80, 63, 105, 104, 59, 89],
[32, 60, 73, 48, 2, 49, 124, 72, 9, 80, 63, 58, 104],
[62, 16, 114, 23, 72, 9, 63, 58, 104, 43, 64, 111],
[57, 30, 38, 31, 52, 122, 29, 80, 66, 14, 61, 115],
[58, 63, 9, 70, 72, 49, 2, 48, 73, 126, 92, 76],
[4, 43, 113, 42, 89, 52, 118, 1, 77, 11, 26, 126],
[115, 61, 108, 14, 53, 23, 2, 79, 0, 101, 88, 121],
[12, 3, 100, 14, 53, 66, 80, 29, 122, 52, 51, 54],
[83, 50, 40, 116, 93, 88, 39, 31, 89, 17, 64, 111],
[13, 50, 40, 7, 11, 1, 27, 81, 29, 5, 24, 117],
[35, 125, 91, 88, 101, 7, 26, 48, 99, 55, 16, 62],
[82, 93, 120, 0, 79, 2, 114, 78, 71, 96, 3, 107],
[85, 20, 32, 60, 55, 16, 114, 78, 71, 96, 3, 107],
[22, 30, 38, 31, 52, 122, 29, 80, 66, 14, 61, 106],
[19, 32, 60, 73, 48, 2, 49, 124, 72, 9, 80, 63, 105],
[82, 93, 120, 0, 79, 2, 37, 23, 53, 61, 87, 110],
[21, 22, 30, 39, 46, 11, 2, 23, 53, 14, 61, 106],
[32, 60, 73, 48, 97, 11, 77, 67, 118, 52, 89, 59],
[54, 51, 52, 122, 94, 29, 80, 66, 14, 100, 96, 71],
[57, 30, 39, 46, 11, 2, 37, 74, 114, 78, 71, 96],
[107, 3, 78, 114, 2, 79, 0, 7, 101, 88, 91, 123],
[59, 89, 51, 52, 118, 1, 77, 11, 97, 48, 73, 60],
[3, 96, 71, 100, 78, 114, 16, 55, 60, 32, 20, 85],
[3, 96, 71, 78, 114, 2, 79, 0, 101, 88, 125, 21],
[88, 101, 0, 79, 2, 37, 23, 53, 61, 106, 87, 110],
[45, 6, 73, 48, 0, 11, 1, 118, 52, 89, 17, 98],
[20, 92, 126, 26, 0, 11, 1, 118, 52, 89, 17, 64]]

\
Best Operator Route set string:
\
126-73-48-97-11-77-67-118-52-89-17-64-111*83-92-126-48-79-2-23-53-61-106-87-110*31-51-52-118-1-11-79-97-48-73-60-75*41-25-39-46-11-2-37-23-53-61-108-115*32-60-73-48-97-11-77-1-118-52-89-42*54-51-52-122-94-29-80-66-14-100-71-96*21-125-88-101-0-79-2-114-78-96-71-3-107*10-117-86-24-5-36-80-66-74-114-16-112*56-12-3-96-71-78-114-2-11-46-39-30-57*69-43-113-42-89-31-39-88-93-40-50-83*68-3-96-71-78-114-2-48-73-126-92-76*20-32-60-73-48-2-23-53-14-61-108-106*34-56-12-3-78-114-2-79-0-120-65-116*8-22-30-33-39-46-11-2-114-78-71-96*15-12-100-14-53-66-80-63-58-105-104-59*16-114-23-72-124-66-53-14-100-78-96-71*62-16-114-23-72-66-80-63-105-104-43-64*6-73-48-97-11-1-118-52-89-113-90-103*50-83-92-126-73-48-2-23-53-14-61-102*44-93-120-0-79-37-23-53-61-87-110-84*123-35-125-91-88-101-0-79-2-114-78-96-71*6-73-48-2-49-66-80-63-58-105-104-18-109*16-114-74-23-72-66-53-14-100-78-71-96*4-43-105-63-80-9-124-72-49-2-48-99*13-50-40-7-11-1-27-81-29-5-24-117*54-51-52-122-29-80-66-53-14-61-108-115*15-12-100-14-53-66-80-63-58-105-43-90*35-91-88-101-0-79-37-23-53-14-61-106*34-68-110-87-24-36-5-58-105-104-59-89*28-17-42-105-58-63-80-66-53-14-100-12-107*19-32-60-73-48-2-49-72-70-9-80-63*96-71-78-114-2-11-46-39-30-22-8-119*75-60-73-48-79-11-77-1-118-52-89-42-113*69-43-113-42-89-52-118-1-11-26-126-92-85*59-89-51-52-118-1-77-11-0-48-73-60*56-12-3-71-78-114-2-48-73-126-92-83*19-32-60-73-48-2-37-23-53-14-61-106*34-56-12-3-78-114-2-79-0-120-65-116*45-73-48-2-49-124-66-80-63-105-43-103*13-95-44-82-88-39-31-51-89-59-104-18*34-56-12-3-78-114-2-79-0-120-93-44*17-89-52-118-1-77-11-79-48-73-6-112*75-60-73-48-2-49-124-66-80-36-24-117*20-32-60-73-48-2-37-23-53-61-108-115*51-52-118-1-77-11-0-48-73-6-45-112*73-48-0-11-77-1-118-52-89-42-17-64-111*121-91-88-101-0-79-2-37-23-53-14-108-115*15-3-71-96-78-114-2-48-126-92-83-50*41-25-88-101-0-79-2-37-23-53-61-115*85-20-32-45-55-16-114-78-71-96-3-107*4-43-113-89-52-118-1-77-11-26-126-92*8-41-25-88-101-0-79-2-114-78-96-71*71-96-78-114-16-55-45-6-60-32-20-85*19-92-126-26-11-77-1-118-52-89-113-98*90-113-42-89-52-118-1-77-11-79-48-99*38-51-52-122-94-29-80-66-14-100-12-56*34-68-110-87-102-24-5-29-94-122-52-51-47*54-31-51-52-122-29-80-66-14-100-71-96*75-60-73-48-97-79-11-1-118-52-89-113-90*19-32-60-73-48-2-49-72-124-9-63-58-105*

\
Best Passenger Route set sting:
\
98-43-105-58-63-80-66-53-14-100-3-107*17-42-89-52-118-1-77-11-97-48-99-55*41-30-33-39-46-11-2-114-78-71-3-56*12-3-71-96-78-114-2-79-11-46-39-33*83-50-65-82-88-39-31-89-113-43-69-109*10-86-24-5-36-80-66-49-2-48-126-92-76*71-96-100-14-53-66-80-63-58-104-59-113*34-56-12-3-78-114-2-79-0-26-40-95*76-83-50-40-82-88-39-31-89-42-90-103*21-22-30-33-31-89-42-113-43-69-10-117*84-110-87-61-53-23-37-79-0-120-65-116-44*112-6-45-73-48-26-101-88-25-41-8-119*3-96-71-78-114-2-79-0-101-88-91-35*15-3-96-100-14-53-66-80-29-122-52-89*55-16-114-74-66-80-36-5-24-117-86-109*6-45-73-48-2-49-66-80-63-105-43-103*55-16-114-23-72-70-80-63-105-43-103-111*4-43-105-63-80-9-124-72-49-2-48-73-60*18-104-105-58-63-9-72-124-49-2-48-73-60-75*34-68-110-87-24-36-5-29-94-122-52-51-47*31-51-52-122-29-5-36-24-87-110-68-34*50-83-92-126-48-2-114-78-71-96-3-107*102-24-5-29-122-52-51-31-33-30-22-119*12-100-78-114-16-55-45-6-60-32-20-85*28-43-104-105-58-63-80-66-53-14-100-78*13-50-83-92-126-48-2-37-23-53-61-102*107-3-71-96-78-114-2-79-0-101-88-121*71-96-100-14-53-66-80-63-58-104-59-113*8-30-39-46-11-2-114-78-71-96-3-15*76-92-126-48-2-37-23-53-14-61-108-102*47-51-52-122-94-29-80-66-14-100-71-96*32-60-73-48-97-79-11-1-118-52-89-42-90*12-100-14-53-66-80-29-122-52-51-31-47*31-51-52-27-81-29-80-63-105-104-59-89*32-60-73-48-2-49-124-72-9-80-63-58-104*62-16-114-23-72-9-63-58-104-43-64-111*57-30-38-31-52-122-29-80-66-14-61-115*58-63-9-70-72-49-2-48-73-126-92-76*4-43-113-42-89-52-118-1-77-11-26-126*115-61-108-14-53-23-2-79-0-101-88-121*12-3-100-14-53-66-80-29-122-52-51-54*83-50-40-116-93-88-39-31-89-17-64-111*13-50-40-7-11-1-27-81-29-5-24-117*35-125-91-88-101-7-26-48-99-55-16-62*82-93-120-0-79-2-114-78-71-96-3-107*85-20-32-60-55-16-114-78-71-96-3-107*22-30-38-31-52-122-29-80-66-14-61-106*19-32-60-73-48-2-49-124-72-9-80-63-105*82-93-120-0-79-2-37-23-53-61-87-110*21-22-30-39-46-11-2-23-53-14-61-106*32-60-73-48-97-11-77-67-118-52-89-59*54-51-52-122-94-29-80-66-14-100-96-71*57-30-39-46-11-2-37-74-114-78-71-96*107-3-78-114-2-79-0-7-101-88-91-123*59-89-51-52-118-1-77-11-97-48-73-60*3-96-71-100-78-114-16-55-60-32-20-85*3-96-71-78-114-2-79-0-101-88-125-21*88-101-0-79-2-37-23-53-61-106-87-110*45-6-73-48-0-11-1-118-52-89-17-98*20-92-126-26-0-11-1-118-52-89-17-64*