1_2_Mumford0_GA_Initial_solutions RESULTS EVALUATION:
\
HV:0.8278 | BM:0.8087

\
	Operator	Passenger
\
f1_ATT	33.0157		15.0653
\
f2_TRT	96		515
\
d_0	20.3267		79.7755
\
d_1	29.7142		20.2245
\
d_2	21.2123		0.0000
\
d_un	28.7468		0.0000

\
Best Operator Route set:
\
[[26, 0],
[1, 3, 9, 23, 14, 24, 4],
[15, 10],
[16, 27, 2, 10],
[8, 12, 22],
[21, 15],
[29, 2],
[19, 22],
[21, 6, 13],
[5, 21],
[28, 25],
[16, 7, 20, 14, 11, 17, 22, 18, 0, 25]]

\
Best Passenger Route set:
\
[[9, 1, 3, 24, 20, 7, 25, 22, 19, 12, 8],
[8, 12, 19, 17, 28, 16, 27, 2, 29, 10, 15, 6, 13, 0, 26],
[8, 19, 12, 0, 13, 6, 5, 21, 10, 2, 15, 29],
[26, 8, 19, 22, 18, 0, 28, 7, 4, 24, 3, 1, 23],
[14, 9, 1, 3, 11, 17, 22, 0, 18, 13, 6, 21, 5],
[5, 21, 6, 16, 7, 4, 24, 14, 20, 23],
[5, 21, 10, 16, 28, 25, 0, 18, 22, 17, 11, 3, 23],
[1, 9, 3, 23, 14, 7, 27, 10, 15, 5, 21, 2, 29],
[15, 16, 2, 29, 27, 7, 25, 22, 18, 0, 26],
[12, 22, 0, 13, 6, 16, 7, 14, 23, 1, 3, 9],
[9, 23, 14, 11, 17, 12, 8, 26],
[1, 9, 23, 14, 7, 2, 29, 27, 16, 28, 17, 22, 18, 0, 19]]

\
Best Operator Route set string:
\
26-0*1-3-9-23-14-24-4*15-10*16-27-2-10*8-12-22*21-15*29-2*19-22*21-6-13*5-21*28-25*16-7-20-14-11-17-22-18-0-25*

\
Best Passenger Route set sting:
\
9-1-3-24-20-7-25-22-19-12-8*8-12-19-17-28-16-27-2-29-10-15-6-13-0-26*8-19-12-0-13-6-5-21-10-2-15-29*26-8-19-22-18-0-28-7-4-24-3-1-23*14-9-1-3-11-17-22-0-18-13-6-21-5*5-21-6-16-7-4-24-14-20-23*5-21-10-16-28-25-0-18-22-17-11-3-23*1-9-3-23-14-7-27-10-15-5-21-2-29*15-16-2-29-27-7-25-22-18-0-26*12-22-0-13-6-16-7-14-23-1-3-9*9-23-14-11-17-12-8-26*1-9-23-14-7-2-29-27-16-28-17-22-18-0-19*