11_5_Mumford3_GA_Very_Long_run RESULTS EVALUATION:
\
HV:0.6596 | BM:0.6385

\
	Operator	Passenger
\
f1_ATT	37.5019		28.0331
\
f2_TRT	2066		5018
\
d_0	14.0997		48.7144
\
d_1	42.6640		51.0969
\
d_2	34.3444		0.1887
\
d_un	8.8919		0.0000

\
Best Operator Route set:
\
[[114, 74, 23, 49, 72, 66, 53, 14, 100, 78, 96, 71],
[62, 16, 114, 74, 23, 72, 66, 53, 14, 100, 96, 71],
[16, 114, 74, 23, 49, 72, 66, 53, 14, 100, 71, 78],
[114, 23, 124, 72, 49, 66, 53, 14, 100, 96, 71, 78],
[16, 114, 74, 23, 72, 66, 53, 14, 100, 78, 71, 96],
[16, 114, 74, 23, 49, 124, 66, 53, 14, 100, 71, 78],
[71, 96, 78, 114, 2, 48, 73, 126, 92, 83, 50, 13],
[114, 74, 23, 49, 72, 66, 53, 14, 100, 71, 78, 96],
[114, 74, 23, 49, 72, 66, 53, 14, 100, 96, 71, 78],
[114, 74, 23, 49, 72, 66, 53, 14, 100, 71, 96, 78],
[16, 114, 74, 23, 124, 66, 53, 14, 100, 78, 71, 96],
[114, 74, 23, 49, 72, 66, 53, 14, 100, 78, 96, 71],
[57, 30, 33, 31, 89, 59, 43, 69, 109, 18, 86, 117],
[114, 74, 23, 49, 72, 66, 53, 14, 100, 78, 96, 71],
[114, 74, 23, 49, 72, 66, 53, 14, 100, 71, 78, 96],
[121, 88, 101, 0, 79, 37, 23, 53, 14, 61, 106, 102],
[16, 114, 23, 72, 124, 66, 53, 14, 100, 78, 96, 71],
[16, 114, 74, 23, 124, 66, 53, 14, 100, 78, 71, 96],
[9, 70, 124, 49, 2, 48, 99, 73, 60, 32, 75, 19],
[114, 74, 23, 49, 72, 66, 53, 14, 100, 78, 96, 71],
[62, 16, 114, 74, 23, 72, 66, 53, 14, 100, 96, 71],
[114, 23, 49, 124, 72, 66, 53, 14, 100, 78, 96, 71],
[114, 23, 49, 124, 72, 66, 53, 14, 100, 78, 96, 71],
[114, 74, 23, 49, 72, 66, 53, 14, 100, 78, 96, 71],
[114, 74, 23, 49, 72, 66, 53, 14, 100, 78, 96, 71],
[21, 22, 41, 33, 39, 46, 11, 2, 114, 78, 100, 12],
[123, 35, 125, 91, 88, 101, 26, 0, 11, 1, 118, 52],
[96, 71, 78, 114, 74, 66, 9, 5, 24, 86, 10, 69],
[114, 74, 23, 49, 72, 66, 53, 14, 100, 96, 71, 78],
[107, 15, 56, 3, 78, 114, 2, 97, 0, 120, 116, 95],
[71, 78, 114, 74, 66, 80, 36, 24, 86, 10, 69, 4],
[114, 74, 23, 49, 72, 66, 53, 14, 100, 78, 96, 71],
[114, 74, 23, 72, 70, 66, 53, 14, 100, 78, 71, 96],
[112, 16, 114, 74, 23, 72, 66, 53, 14, 100, 71, 78],
[22, 8, 41, 25, 88, 93, 7, 26, 48, 73, 45, 6],
[34, 68, 110, 87, 24, 36, 63, 58, 105, 104, 59, 113],
[76, 92, 126, 48, 2, 23, 53, 14, 106, 87, 84, 110],
[114, 74, 23, 49, 72, 66, 53, 14, 100, 78, 96, 71],
[90, 43, 69, 103, 98, 42, 89, 51, 47, 54, 33, 25],
[114, 74, 23, 49, 72, 66, 53, 14, 100, 96, 71, 78],
[74, 114, 23, 49, 72, 66, 53, 14, 100, 78, 96, 71],
[16, 114, 74, 23, 49, 72, 66, 53, 14, 100, 71, 78],
[16, 114, 74, 23, 49, 72, 66, 53, 14, 100, 71, 78],
[71, 96, 78, 114, 2, 48, 73, 126, 92, 83, 50, 13],
[114, 74, 23, 49, 72, 66, 53, 14, 100, 78, 96, 71],
[82, 44, 65, 116, 40, 7, 11, 77, 1, 27, 29, 9],
[114, 74, 23, 49, 72, 66, 53, 14, 100, 96, 71, 78],
[16, 114, 74, 23, 49, 72, 66, 53, 14, 100, 71, 78],
[97, 48, 0, 77, 67, 118, 52, 89, 17, 64, 28, 111],
[16, 114, 23, 72, 124, 66, 53, 14, 100, 78, 96, 71],
[114, 74, 23, 49, 72, 66, 53, 14, 100, 78, 96, 71],
[114, 74, 23, 49, 72, 66, 53, 14, 100, 71, 78, 96],
[16, 114, 74, 23, 49, 72, 66, 53, 14, 100, 71, 78],
[71, 96, 78, 114, 16, 55, 45, 6, 60, 32, 20, 85],
[16, 114, 74, 23, 49, 72, 66, 53, 14, 100, 71, 78],
[8, 119, 21, 22, 30, 38, 31, 52, 122, 94, 81, 29],
[16, 114, 74, 23, 72, 66, 53, 14, 100, 71, 78, 96],
[121, 88, 101, 0, 79, 2, 37, 23, 53, 14, 108, 115],
[114, 74, 23, 124, 72, 66, 53, 14, 100, 96, 71, 78],
[114, 74, 23, 49, 72, 66, 53, 14, 100, 96, 71, 78]]

\
Best Passenger Route set:
\
[[54, 51, 52, 89, 59, 42, 28, 64, 43, 104, 58, 63, 80, 66, 14, 100, 3, 107, 15],
[75, 60, 6, 45, 73, 48, 2, 23, 124, 70, 9, 63, 105, 43, 64, 28, 98, 113],
[36, 24, 117, 86, 109, 69, 43, 113, 89, 51, 38, 25, 91, 123, 35],
[35, 91, 121, 88, 101, 120, 65, 50, 13, 83, 92, 126, 48, 2, 114, 78, 71, 96, 3, 56, 84],
[17, 113, 98, 64, 111, 69, 18, 104, 58, 63, 9, 124, 49, 2, 48, 126, 92, 50, 83, 76, 20, 19, 13, 95, 44],
[76, 20, 32, 60, 73, 48, 0, 77, 67, 118, 52, 89, 42, 98, 43, 69, 109, 4],
[98, 90, 43, 69, 10, 86, 24, 36, 80, 66, 49, 2, 48, 126, 92, 76, 85],
[97, 0, 7, 101, 88, 25, 30, 22, 8, 41, 33, 31, 51, 52, 122, 29, 9, 70, 66, 14, 100, 12, 56, 34],
[64, 28, 17, 89, 52, 118, 1, 11, 97, 48, 73, 60, 75],
[19, 75, 32, 126, 26, 7, 101, 65, 116, 44, 120, 0, 79, 37, 23, 53, 14, 100, 71, 3, 56, 12],
[45, 60, 112, 55, 16, 114, 23, 124, 72, 66, 14, 100, 78, 3, 15],
[86, 117, 24, 5, 58, 105, 43, 90, 17, 42, 89, 52, 122, 94, 29, 80, 66, 14, 100, 96, 3, 107, 15],
[88, 25, 33, 54, 31, 52, 118, 1, 77, 11, 2, 114, 78, 100, 96, 3, 68, 34],
[21, 8, 30, 39, 46, 11, 2, 114, 78, 71, 3, 107, 15, 56, 84, 68],
[10, 4, 43, 105, 63, 9, 72, 124, 49, 2, 48, 73, 60, 32, 20, 19, 92, 40, 82, 44, 120, 7, 11, 79],
[35, 125, 88, 101, 0, 79, 2, 49, 72, 124, 9, 81, 80, 63, 5, 29, 94, 122, 118, 67, 11, 7, 93, 82, 95],
[119, 8, 22, 41, 33, 31, 89, 59, 104, 105, 63, 80, 29, 81, 27, 67, 1, 46, 39, 30, 54, 51, 52, 122, 94],
[91, 121, 88, 25, 41, 57, 30, 33, 39, 46, 11, 2, 114, 16, 62],
[67, 1, 46, 39, 25, 41, 57, 22, 35, 91, 88, 101, 0, 79, 37, 23, 53, 61, 87, 110, 84, 56, 12, 100, 71],
[109, 69, 111, 64, 4, 43, 90, 113, 89, 52, 118, 1, 11, 26, 126, 92, 85, 19, 32, 45, 6],
[7, 93, 120, 26, 48, 73, 6, 112, 62, 16, 114, 74, 37, 2, 11, 1, 118, 52, 89, 42, 98, 103, 18],
[119, 21, 125, 88, 101, 0, 97, 2, 49, 66, 53, 61, 87, 110, 84],
[30, 41, 8, 22, 125, 123, 91, 88, 101, 0, 79, 2, 114, 78, 96, 3, 68, 110],
[107, 56, 84, 87, 24, 5, 80, 66, 124, 49, 2, 48, 99, 55],
[33, 54, 47, 51, 52, 118, 1, 11, 79, 48, 73, 45, 6, 112],
[75, 20, 76, 13, 95, 123, 91, 125, 88, 101, 7, 26, 48, 99, 55, 16, 62, 112, 60, 32, 19],
[110, 84, 68, 56, 12, 3, 78, 114, 16, 55, 60, 32, 20, 85, 19, 76, 50, 116, 120, 26, 93, 101],
[90, 103, 18, 4, 111, 64, 17, 89, 52, 118, 1, 11, 26, 126, 92, 76, 20, 85, 19],
[21, 35, 125, 91, 82, 44, 65, 40, 7, 11, 0, 120, 116, 50, 83, 92, 126, 48, 2, 23, 53, 61, 87, 110, 84],
[32, 6, 45, 55, 16, 114, 74, 66, 80, 5, 24, 117, 10, 109, 103, 64, 17, 42],
[44, 120, 26, 11, 67, 81, 94, 122, 52, 31, 39, 25, 121, 88, 101, 0, 79, 2, 49, 66, 80, 5, 24, 117, 86],
[107, 15, 12, 3, 115, 106, 102, 24, 5, 29, 81, 27, 52, 51, 54, 47],
[13, 50, 40, 7, 11, 1, 81, 80, 63, 58, 104, 59, 90, 98, 17],
[84, 56, 12, 78, 96, 71, 100, 14, 66, 80, 63, 105, 43, 103, 4, 10, 86, 24, 5],
[34, 68, 84, 110, 87, 106, 115, 61, 53, 23, 2, 48, 73, 60, 32, 19],
[107, 15, 56, 84, 110, 87, 24, 86, 10, 109, 69, 43, 42, 89, 31, 39, 88, 93, 40, 50, 76, 85, 19],
[111, 28, 17, 59, 104, 105, 63, 80, 66, 74, 114, 16, 62, 112, 45, 73, 99, 55, 6, 60],
[0, 26, 93, 82, 95, 50, 83, 92, 126, 73, 48, 2, 23, 53, 14, 106, 102, 87, 61, 115, 3, 100],
[91, 25, 41, 21, 119, 22, 30, 39, 46, 11, 2, 74, 114, 78, 100, 96, 3, 115, 61, 108, 106],
[102, 87, 84, 68, 56, 15, 107, 3, 78, 114, 2, 48, 73, 60, 75, 20, 50, 83],
[28, 103, 109, 86, 24, 87, 108, 14, 53, 23, 2, 11, 46, 39, 30, 22, 8, 119, 21, 125, 91, 121],
[109, 69, 43, 105, 63, 80, 66, 49, 2, 48, 73, 6, 45, 32, 126],
[109, 18, 4, 103, 90, 113, 89, 31, 39, 88, 82, 65, 50, 83, 13, 95, 116, 93],
[96, 78, 100, 12, 107, 15, 56, 84, 87, 61, 14, 53, 66, 80, 81, 27, 118, 46],
[59, 43, 4, 69, 18, 117, 24, 102, 61, 14, 53, 66, 49, 2, 11, 7, 93, 82, 91, 123],
[82, 116, 65, 120, 0, 97, 37, 23, 53, 61, 108, 115, 106, 14, 72, 124, 70, 80, 36, 58, 104, 59, 17, 43],
[112, 32, 20, 92, 83, 50, 65, 7, 11, 79, 2, 114, 78, 3, 15, 107],
[28, 98, 43, 104, 58, 5, 9, 66, 74, 114, 16, 112, 45, 6, 55, 60, 73, 99],
[64, 28, 17, 89, 31, 39, 88, 82, 44, 95, 123, 125, 22, 57],
[51, 52, 118, 46, 39, 25, 91, 125, 121, 88, 101, 0, 11, 67, 27, 29, 36, 24, 86, 18, 4, 111, 103, 43, 28],
[15, 107, 56, 34, 68, 110, 87, 24, 36, 5, 63, 58, 105, 104, 59, 89, 31, 38, 25, 91, 125, 35],
[49, 124, 72, 23, 74, 66, 14, 106, 108, 102, 24, 36, 29, 122, 52, 38, 33, 41, 21, 22],
[50, 116, 101, 88, 25, 38, 47, 31, 51, 52, 122, 29, 5, 24, 87, 110, 84, 68, 3],
[119, 21, 35, 123, 95, 40, 26, 0, 79, 2, 23, 53, 61, 87, 84, 68, 34],
[86, 117, 10, 69, 43, 42, 89, 31, 33, 30, 22, 21, 119, 8, 35, 123, 95, 50, 83, 92, 76, 85],
[107, 56, 84, 110, 87, 24, 5, 29, 94, 122, 52, 38, 30, 22, 119, 21],
[124, 49, 74, 114, 78, 12, 56, 107, 3, 100, 14, 53, 66, 80, 63, 105, 42, 113, 17, 98, 103, 18, 10, 86, 117],
[86, 117, 18, 69, 103, 64, 28, 42, 59, 113, 98, 43, 104, 58, 36, 80, 66, 53, 14, 100, 12, 15],
[112, 6, 45, 73, 48, 26, 101, 88, 25, 41, 8, 119, 21, 35, 123, 95, 65, 116, 93, 120],
[108, 115, 3, 68, 34, 56, 12, 78, 114, 2, 79, 11, 46, 39, 38, 33, 41, 8, 57, 21, 119, 22, 30, 54, 47]]

\
Best Operator Route set string:
\
114-74-23-49-72-66-53-14-100-78-96-71*62-16-114-74-23-72-66-53-14-100-96-71*16-114-74-23-49-72-66-53-14-100-71-78*114-23-124-72-49-66-53-14-100-96-71-78*16-114-74-23-72-66-53-14-100-78-71-96*16-114-74-23-49-124-66-53-14-100-71-78*71-96-78-114-2-48-73-126-92-83-50-13*114-74-23-49-72-66-53-14-100-71-78-96*114-74-23-49-72-66-53-14-100-96-71-78*114-74-23-49-72-66-53-14-100-71-96-78*16-114-74-23-124-66-53-14-100-78-71-96*114-74-23-49-72-66-53-14-100-78-96-71*57-30-33-31-89-59-43-69-109-18-86-117*114-74-23-49-72-66-53-14-100-78-96-71*114-74-23-49-72-66-53-14-100-71-78-96*121-88-101-0-79-37-23-53-14-61-106-102*16-114-23-72-124-66-53-14-100-78-96-71*16-114-74-23-124-66-53-14-100-78-71-96*9-70-124-49-2-48-99-73-60-32-75-19*114-74-23-49-72-66-53-14-100-78-96-71*62-16-114-74-23-72-66-53-14-100-96-71*114-23-49-124-72-66-53-14-100-78-96-71*114-23-49-124-72-66-53-14-100-78-96-71*114-74-23-49-72-66-53-14-100-78-96-71*114-74-23-49-72-66-53-14-100-78-96-71*21-22-41-33-39-46-11-2-114-78-100-12*123-35-125-91-88-101-26-0-11-1-118-52*96-71-78-114-74-66-9-5-24-86-10-69*114-74-23-49-72-66-53-14-100-96-71-78*107-15-56-3-78-114-2-97-0-120-116-95*71-78-114-74-66-80-36-24-86-10-69-4*114-74-23-49-72-66-53-14-100-78-96-71*114-74-23-72-70-66-53-14-100-78-71-96*112-16-114-74-23-72-66-53-14-100-71-78*22-8-41-25-88-93-7-26-48-73-45-6*34-68-110-87-24-36-63-58-105-104-59-113*76-92-126-48-2-23-53-14-106-87-84-110*114-74-23-49-72-66-53-14-100-78-96-71*90-43-69-103-98-42-89-51-47-54-33-25*114-74-23-49-72-66-53-14-100-96-71-78*74-114-23-49-72-66-53-14-100-78-96-71*16-114-74-23-49-72-66-53-14-100-71-78*16-114-74-23-49-72-66-53-14-100-71-78*71-96-78-114-2-48-73-126-92-83-50-13*114-74-23-49-72-66-53-14-100-78-96-71*82-44-65-116-40-7-11-77-1-27-29-9*114-74-23-49-72-66-53-14-100-96-71-78*16-114-74-23-49-72-66-53-14-100-71-78*97-48-0-77-67-118-52-89-17-64-28-111*16-114-23-72-124-66-53-14-100-78-96-71*114-74-23-49-72-66-53-14-100-78-96-71*114-74-23-49-72-66-53-14-100-71-78-96*16-114-74-23-49-72-66-53-14-100-71-78*71-96-78-114-16-55-45-6-60-32-20-85*16-114-74-23-49-72-66-53-14-100-71-78*8-119-21-22-30-38-31-52-122-94-81-29*16-114-74-23-72-66-53-14-100-71-78-96*121-88-101-0-79-2-37-23-53-14-108-115*114-74-23-124-72-66-53-14-100-96-71-78*114-74-23-49-72-66-53-14-100-96-71-78*

\
Best Passenger Route set sting:
\
54-51-52-89-59-42-28-64-43-104-58-63-80-66-14-100-3-107-15*75-60-6-45-73-48-2-23-124-70-9-63-105-43-64-28-98-113*36-24-117-86-109-69-43-113-89-51-38-25-91-123-35*35-91-121-88-101-120-65-50-13-83-92-126-48-2-114-78-71-96-3-56-84*17-113-98-64-111-69-18-104-58-63-9-124-49-2-48-126-92-50-83-76-20-19-13-95-44*76-20-32-60-73-48-0-77-67-118-52-89-42-98-43-69-109-4*98-90-43-69-10-86-24-36-80-66-49-2-48-126-92-76-85*97-0-7-101-88-25-30-22-8-41-33-31-51-52-122-29-9-70-66-14-100-12-56-34*64-28-17-89-52-118-1-11-97-48-73-60-75*19-75-32-126-26-7-101-65-116-44-120-0-79-37-23-53-14-100-71-3-56-12*45-60-112-55-16-114-23-124-72-66-14-100-78-3-15*86-117-24-5-58-105-43-90-17-42-89-52-122-94-29-80-66-14-100-96-3-107-15*88-25-33-54-31-52-118-1-77-11-2-114-78-100-96-3-68-34*21-8-30-39-46-11-2-114-78-71-3-107-15-56-84-68*10-4-43-105-63-9-72-124-49-2-48-73-60-32-20-19-92-40-82-44-120-7-11-79*35-125-88-101-0-79-2-49-72-124-9-81-80-63-5-29-94-122-118-67-11-7-93-82-95*119-8-22-41-33-31-89-59-104-105-63-80-29-81-27-67-1-46-39-30-54-51-52-122-94*91-121-88-25-41-57-30-33-39-46-11-2-114-16-62*67-1-46-39-25-41-57-22-35-91-88-101-0-79-37-23-53-61-87-110-84-56-12-100-71*109-69-111-64-4-43-90-113-89-52-118-1-11-26-126-92-85-19-32-45-6*7-93-120-26-48-73-6-112-62-16-114-74-37-2-11-1-118-52-89-42-98-103-18*119-21-125-88-101-0-97-2-49-66-53-61-87-110-84*30-41-8-22-125-123-91-88-101-0-79-2-114-78-96-3-68-110*107-56-84-87-24-5-80-66-124-49-2-48-99-55*33-54-47-51-52-118-1-11-79-48-73-45-6-112*75-20-76-13-95-123-91-125-88-101-7-26-48-99-55-16-62-112-60-32-19*110-84-68-56-12-3-78-114-16-55-60-32-20-85-19-76-50-116-120-26-93-101*90-103-18-4-111-64-17-89-52-118-1-11-26-126-92-76-20-85-19*21-35-125-91-82-44-65-40-7-11-0-120-116-50-83-92-126-48-2-23-53-61-87-110-84*32-6-45-55-16-114-74-66-80-5-24-117-10-109-103-64-17-42*44-120-26-11-67-81-94-122-52-31-39-25-121-88-101-0-79-2-49-66-80-5-24-117-86*107-15-12-3-115-106-102-24-5-29-81-27-52-51-54-47*13-50-40-7-11-1-81-80-63-58-104-59-90-98-17*84-56-12-78-96-71-100-14-66-80-63-105-43-103-4-10-86-24-5*34-68-84-110-87-106-115-61-53-23-2-48-73-60-32-19*107-15-56-84-110-87-24-86-10-109-69-43-42-89-31-39-88-93-40-50-76-85-19*111-28-17-59-104-105-63-80-66-74-114-16-62-112-45-73-99-55-6-60*0-26-93-82-95-50-83-92-126-73-48-2-23-53-14-106-102-87-61-115-3-100*91-25-41-21-119-22-30-39-46-11-2-74-114-78-100-96-3-115-61-108-106*102-87-84-68-56-15-107-3-78-114-2-48-73-60-75-20-50-83*28-103-109-86-24-87-108-14-53-23-2-11-46-39-30-22-8-119-21-125-91-121*109-69-43-105-63-80-66-49-2-48-73-6-45-32-126*109-18-4-103-90-113-89-31-39-88-82-65-50-83-13-95-116-93*96-78-100-12-107-15-56-84-87-61-14-53-66-80-81-27-118-46*59-43-4-69-18-117-24-102-61-14-53-66-49-2-11-7-93-82-91-123*82-116-65-120-0-97-37-23-53-61-108-115-106-14-72-124-70-80-36-58-104-59-17-43*112-32-20-92-83-50-65-7-11-79-2-114-78-3-15-107*28-98-43-104-58-5-9-66-74-114-16-112-45-6-55-60-73-99*64-28-17-89-31-39-88-82-44-95-123-125-22-57*51-52-118-46-39-25-91-125-121-88-101-0-11-67-27-29-36-24-86-18-4-111-103-43-28*15-107-56-34-68-110-87-24-36-5-63-58-105-104-59-89-31-38-25-91-125-35*49-124-72-23-74-66-14-106-108-102-24-36-29-122-52-38-33-41-21-22*50-116-101-88-25-38-47-31-51-52-122-29-5-24-87-110-84-68-3*119-21-35-123-95-40-26-0-79-2-23-53-61-87-84-68-34*86-117-10-69-43-42-89-31-33-30-22-21-119-8-35-123-95-50-83-92-76-85*107-56-84-110-87-24-5-29-94-122-52-38-30-22-119-21*124-49-74-114-78-12-56-107-3-100-14-53-66-80-63-105-42-113-17-98-103-18-10-86-117*86-117-18-69-103-64-28-42-59-113-98-43-104-58-36-80-66-53-14-100-12-15*112-6-45-73-48-26-101-88-25-41-8-119-21-35-123-95-65-116-93-120*108-115-3-68-34-56-12-78-114-2-79-11-46-39-38-33-41-8-57-21-119-22-30-54-47*