1_3_Mumford1_GA_Initial_solutions RESULTS EVALUATION:
\
HV:0.7620 | BM:0.7758

\
	Operator	Passenger
\
f1_ATT	30.2098		23.9984
\
f2_TRT	476		939
\
d_0	22.8760		43.3067
\
d_1	47.2393		52.2711
\
d_2	27.5074		4.4222
\
d_un	2.3773		0.0000

\
Best Operator Route set:
\
[[63, 21, 24, 30, 26, 1, 31, 11, 9, 68],
[12, 25, 57, 35, 51, 8, 26, 49, 15, 42],
[58, 64, 52, 55, 10, 16, 26, 49, 15, 62],
[29, 3, 69, 23, 50, 43, 17, 59, 68, 9],
[29, 48, 66, 38, 36, 45, 34, 35, 6, 63],
[41, 34, 57, 35, 51, 64, 58, 33, 13, 50, 2],
[69, 3, 66, 19, 38, 36, 54, 18, 5, 37],
[26, 16, 10, 55, 20, 17, 61, 60, 44, 14],
[32, 65, 5, 67, 27, 25, 4, 7, 40, 46],
[63, 21, 24, 30, 26, 1, 31, 11, 9, 68],
[0, 50, 13, 33, 22, 45, 36, 54, 18, 39],
[32, 18, 54, 36, 45, 58, 64, 52, 8, 28],
[61, 17, 20, 55, 10, 16, 26, 30, 24, 21],
[53, 47, 6, 56, 8, 28, 10, 59, 68, 9],
[39, 18, 54, 36, 45, 34, 57, 35, 51, 56]]

\
Best Passenger Route set:
\
[[40, 12, 27, 67, 37, 5, 54, 19, 22, 33, 20, 17, 59, 9, 68, 11, 31],
[14, 44, 61, 17, 10, 28, 8, 56, 6, 47, 40, 46],
[9, 11, 49, 62, 24, 63, 6, 35, 34, 45, 36, 38, 19, 66, 69, 29],
[10, 8, 56, 51, 57, 41, 36, 38, 19, 54, 65, 32, 39, 48, 3, 69, 23, 50, 17, 61, 43, 13, 20],
[69, 18, 67, 37, 65, 5, 54, 19, 22, 33, 43, 61, 60, 44, 14, 2, 23],
[63, 30, 24, 62, 42, 15, 11, 31, 1, 16, 10, 52, 64, 58, 45, 36, 54, 18, 39, 32],
[42, 15, 49, 26, 16, 10, 20, 33, 22, 38, 66, 48, 39],
[11, 68, 1, 26, 8, 51, 34, 41, 27, 67, 18, 54, 38],
[46, 40, 4, 25, 57, 35, 51, 64, 52, 20, 17, 61, 44, 14],
[13, 33, 58, 64, 35, 6, 21, 24, 30, 26, 16, 10, 55, 20, 43, 50, 0, 23, 29, 3, 66, 19, 36, 45, 41, 12, 25, 4, 53],
[23, 69, 38, 36, 41, 25, 4, 53, 47, 6, 63, 24, 42],
[21, 63, 6, 35, 34, 45, 36, 54, 5, 32],
[40, 7, 53, 47, 6, 56, 28, 8, 10, 59, 1, 26, 62, 15],
[18, 66, 19, 69, 0, 2, 50, 13, 22, 45, 41, 25, 4, 7, 46],
[42, 15, 49, 26, 16, 55, 17, 60, 44, 14]]

\
Best Operator Route set string:
\
63-21-24-30-26-1-31-11-9-68*12-25-57-35-51-8-26-49-15-42*58-64-52-55-10-16-26-49-15-62*29-3-69-23-50-43-17-59-68-9*29-48-66-38-36-45-34-35-6-63*41-34-57-35-51-64-58-33-13-50-2*69-3-66-19-38-36-54-18-5-37*26-16-10-55-20-17-61-60-44-14*32-65-5-67-27-25-4-7-40-46*63-21-24-30-26-1-31-11-9-68*0-50-13-33-22-45-36-54-18-39*32-18-54-36-45-58-64-52-8-28*61-17-20-55-10-16-26-30-24-21*53-47-6-56-8-28-10-59-68-9*39-18-54-36-45-34-57-35-51-56*

\
Best Passenger Route set sting:
\
40-12-27-67-37-5-54-19-22-33-20-17-59-9-68-11-31*14-44-61-17-10-28-8-56-6-47-40-46*9-11-49-62-24-63-6-35-34-45-36-38-19-66-69-29*10-8-56-51-57-41-36-38-19-54-65-32-39-48-3-69-23-50-17-61-43-13-20*69-18-67-37-65-5-54-19-22-33-43-61-60-44-14-2-23*63-30-24-62-42-15-11-31-1-16-10-52-64-58-45-36-54-18-39-32*42-15-49-26-16-10-20-33-22-38-66-48-39*11-68-1-26-8-51-34-41-27-67-18-54-38*46-40-4-25-57-35-51-64-52-20-17-61-44-14*13-33-58-64-35-6-21-24-30-26-16-10-55-20-43-50-0-23-29-3-66-19-36-45-41-12-25-4-53*23-69-38-36-41-25-4-53-47-6-63-24-42*21-63-6-35-34-45-36-54-5-32*40-7-53-47-6-56-28-8-10-59-1-26-62-15*18-66-19-69-0-2-50-13-22-45-41-25-4-7-46*42-15-49-26-16-55-17-60-44-14*