11_2_Mumford0_GA_Very_Long_run RESULTS EVALUATION:
\
HV:0.8537 | BM:0.8087

\
	Operator	Passenger
\
f1_ATT	24.6798		14.4374
\
f2_TRT	95		622
\
d_0	25.5728		84.6738
\
d_1	41.8635		15.3262
\
d_2	25.5816		0.0000
\
d_un	6.9821		0.0000

\
Best Operator Route set:
\
[[25, 28],
[27, 16],
[1, 3],
[8, 12, 19, 22, 17],
[29, 2],
[10, 2, 27, 7],
[15, 10],
[0, 26],
[5, 21, 6, 13, 0, 22, 25, 7, 20, 14, 23, 3, 9],
[11, 25],
[4, 24, 20],
[0, 18]]

\
Best Passenger Route set:
\
[[5, 6, 16, 7, 14, 23, 9, 3, 1, 24],
[18, 22, 17, 28, 16, 27, 2, 29, 10, 6, 13, 0, 26],
[17, 28, 16, 15, 5, 21, 2, 29, 27, 7, 25, 22, 19, 12, 8],
[13, 18, 0, 25, 7, 4, 24, 3, 23, 20],
[15, 27, 7, 20, 14, 11, 17, 22, 19, 12, 0, 28, 16, 10, 21],
[9, 3, 4, 24, 14, 11, 17, 19, 12, 8],
[26, 8, 19, 22, 0, 13, 6, 5, 21, 10, 27, 7, 24, 1, 3],
[15, 29, 2, 7, 20, 23, 9, 1, 3, 11, 17, 22, 0, 18, 13],
[24, 20, 4, 1, 23, 14, 11, 17, 12, 8, 26, 0, 28, 7, 27],
[28, 25, 11, 14, 23, 20, 7, 27, 10, 15, 6, 13, 18, 12, 8],
[11, 14, 7, 10, 21, 6, 13, 18, 19, 17, 28, 25],
[2, 15, 21, 5, 6, 16, 28, 25, 11, 3, 9, 14, 7, 27, 29]]

\
Best Operator Route set string:
\
25-28*27-16*1-3*8-12-19-22-17*29-2*10-2-27-7*15-10*0-26*5-21-6-13-0-22-25-7-20-14-23-3-9*11-25*4-24-20*0-18*

\
Best Passenger Route set sting:
\
5-6-16-7-14-23-9-3-1-24*18-22-17-28-16-27-2-29-10-6-13-0-26*17-28-16-15-5-21-2-29-27-7-25-22-19-12-8*13-18-0-25-7-4-24-3-23-20*15-27-7-20-14-11-17-22-19-12-0-28-16-10-21*9-3-4-24-14-11-17-19-12-8*26-8-19-22-0-13-6-5-21-10-27-7-24-1-3*15-29-2-7-20-23-9-1-3-11-17-22-0-18-13*24-20-4-1-23-14-11-17-12-8-26-0-28-7-27*28-25-11-14-23-20-7-27-10-15-6-13-18-12-8*11-14-7-10-21-6-13-18-19-17-28-25*2-15-21-5-6-16-28-25-11-3-9-14-7-27-29*