10_4_Mumford2_GA_Long_run RESULTS EVALUATION:
\
HV:0.7047 | BM:0.6490

\
	Operator	Passenger
\
f1_ATT	35.6630		25.4431
\
f2_TRT	1610		4165
\
d_0	15.5284		51.4233
\
d_1	40.2226		48.2409
\
d_2	31.6894		0.3358
\
d_un	12.5597		0.0000

\
Best Operator Route set:
\
[[38, 63, 45, 55, 39, 78, 65, 17, 20, 75],
[46, 86, 51, 102, 31, 33, 99, 69, 14, 76],
[48, 72, 92, 67, 98, 18, 9, 23, 33, 31],
[25, 70, 103, 62, 8, 35, 15, 34, 93, 67],
[42, 73, 89, 52, 91, 62, 12, 74, 60, 47],
[9, 18, 98, 67, 100, 91, 49, 8, 12, 47],
[13, 32, 68, 95, 17, 78, 65, 56, 87, 80],
[80, 38, 87, 56, 65, 17, 95, 68, 32, 13],
[13, 32, 59, 27, 105, 94, 83, 15, 34, 93],
[42, 73, 89, 52, 91, 90, 8, 12, 16, 41],
[79, 64, 92, 18, 66, 3, 54, 85, 6, 81],
[13, 32, 68, 95, 17, 78, 65, 56, 87, 80],
[13, 32, 68, 95, 17, 65, 56, 87, 80, 58],
[80, 38, 63, 45, 55, 39, 65, 17, 20, 75],
[13, 32, 68, 95, 17, 78, 65, 56, 87, 80],
[80, 38, 63, 45, 55, 39, 65, 17, 20, 75],
[5, 77, 4, 107, 36, 108, 72, 44, 26, 82],
[12, 62, 8, 35, 15, 3, 54, 85, 6, 81],
[29, 30, 43, 72, 79, 64, 89, 106, 57, 40, 37],
[61, 1, 0, 87, 56, 65, 17, 95, 68, 32],
[80, 38, 87, 56, 65, 17, 95, 68, 32, 13],
[45, 63, 53, 8, 90, 91, 49, 52, 89, 96],
[60, 74, 38, 63, 2, 15, 54, 85, 24, 102],
[67, 98, 93, 34, 15, 3, 54, 85, 6, 81],
[80, 38, 87, 56, 65, 17, 95, 68, 32, 13],
[10, 52, 49, 90, 8, 35, 15, 54, 85, 81],
[13, 32, 68, 95, 17, 78, 65, 56, 87, 80],
[13, 32, 68, 95, 17, 65, 56, 87, 80, 38],
[64, 11, 89, 52, 49, 91, 90, 8, 62, 103],
[13, 32, 68, 95, 17, 65, 56, 87, 80, 58],
[81, 6, 85, 22, 66, 18, 92, 64, 89, 96],
[79, 64, 11, 89, 52, 49, 91, 90, 8, 62],
[1, 0, 87, 56, 39, 17, 95, 68, 32, 13],
[13, 32, 68, 95, 17, 65, 56, 87, 80, 38],
[45, 63, 53, 8, 90, 49, 91, 52, 89, 73],
[13, 32, 59, 27, 94, 105, 83, 15, 34, 93],
[65, 39, 55, 101, 27, 21, 28, 86, 71, 88],
[13, 32, 68, 95, 17, 78, 65, 56, 87, 80],
[32, 68, 95, 17, 39, 55, 45, 63, 38, 80],
[1, 0, 87, 55, 101, 94, 105, 81, 6, 24],
[13, 32, 68, 95, 17, 78, 65, 56, 87, 80],
[13, 32, 68, 95, 17, 78, 65, 56, 87, 80],
[104, 84, 7, 52, 100, 18, 93, 35, 8, 62],
[13, 32, 68, 95, 17, 65, 56, 87, 80, 38],
[80, 38, 87, 56, 65, 17, 95, 68, 32, 13],
[13, 32, 68, 95, 17, 65, 56, 87, 97, 58],
[80, 38, 63, 45, 55, 39, 65, 17, 20, 75],
[80, 38, 63, 45, 55, 39, 17, 50, 20, 75],
[20, 50, 95, 27, 94, 85, 19, 33, 99, 69],
[36, 79, 64, 11, 89, 52, 49, 91, 90, 8],
[13, 32, 68, 95, 17, 65, 56, 87, 80, 38],
[13, 32, 68, 95, 17, 78, 65, 56, 87, 80],
[13, 32, 68, 95, 17, 65, 56, 87, 80, 38],
[1, 0, 87, 56, 65, 17, 95, 68, 32, 13],
[13, 32, 68, 95, 17, 78, 65, 56, 87, 80],
[64, 109, 89, 52, 91, 49, 90, 8, 63, 45]]

\
Best Passenger Route set:
\
[[30, 43, 69, 14, 76, 31, 22, 54, 15, 2, 45, 80, 97, 1, 0, 39, 17, 95, 68, 21, 28, 46],
[65, 17, 75, 20, 50, 95, 59, 27, 94, 83, 15, 18, 67, 98, 93, 66, 34, 3, 22, 6, 81],
[75, 20, 50, 95, 68, 21, 86, 46, 28, 59, 27, 101, 55, 45, 63, 12, 47, 60],
[25, 7, 49, 35, 15, 83, 105, 27, 21, 59, 95, 78, 0, 97],
[48, 107, 4, 108, 36, 64, 89, 52, 91, 62, 12, 16, 41],
[21, 32, 68, 75, 20, 95, 27, 94, 85, 22, 19, 23, 9, 3, 81],
[48, 108, 36, 107, 5, 11, 64, 92, 18, 66, 6, 86, 28, 21, 27, 94, 105, 83, 3, 9, 23],
[29, 30, 69, 99, 82, 44, 48, 107, 77, 5, 42, 96, 64, 92, 9, 3, 85, 24, 102, 76],
[41, 74, 58, 80, 55, 101, 94, 105, 81, 6, 22, 19, 33, 99, 14, 31, 23],
[67, 3, 6, 81, 94, 27, 17, 78, 39, 55, 45, 2, 15, 66, 9, 23, 82, 26, 30, 44, 72, 79],
[70, 7, 40, 10, 52, 91, 35, 83, 94, 27, 32, 13, 28, 86, 51, 102, 24, 54, 15, 34],
[76, 14, 33, 19, 85, 94, 27, 17, 56, 65, 50, 95, 78, 0, 1, 87, 55, 45],
[101, 94, 83, 34, 18, 92, 72, 36, 5, 107, 108, 79, 73, 106, 57, 40, 104, 70, 103],
[30, 43, 26, 44, 92, 67, 98, 18, 15, 2, 45, 55, 39, 17, 75, 20, 50, 65, 78],
[69, 30, 44, 92, 18, 15, 2, 45, 55, 39, 65, 56, 1],
[17, 56, 39, 55, 101, 94, 81, 6, 22, 19, 82, 26, 43, 30, 44, 92, 18, 34, 54],
[77, 5, 42, 57, 106, 73, 64, 92, 9, 23, 31, 88, 71],
[15, 34, 18, 9, 92, 64, 11, 73, 89, 52, 49, 90, 8, 63, 55, 101, 27, 21, 13, 32, 68, 95],
[18, 92, 48, 107, 108, 72, 44, 82, 19, 24, 86, 28, 21, 32, 20, 50],
[40, 10, 52, 49, 8, 63, 38, 87, 0, 1, 61],
[14, 76, 99, 82, 44, 72, 79, 73, 106, 57, 37, 7, 49, 90, 35, 15, 3, 22],
[84, 70, 41, 47, 74, 60, 12, 63, 45, 2, 83, 3, 19, 33, 99, 69, 14, 102, 51, 86, 46],
[50, 13, 32, 17, 78, 65, 56, 39, 55, 101, 94, 105, 81, 6, 24, 31, 76, 33, 102, 71, 86],
[50, 68, 17, 56, 87, 80, 38, 63, 53, 90, 49, 52, 89, 109, 11, 106, 57, 37, 25],
[71, 51, 102, 76, 99, 69, 43, 30, 26, 72, 79, 73, 89, 52, 7, 84, 70, 10, 57, 106],
[29, 30, 43, 72, 79, 64, 11, 89, 52, 10, 70, 7, 49, 90, 91, 8, 35, 15, 83, 3, 66, 18],
[49, 90, 91, 100, 52, 7, 41, 47, 58, 74, 12, 8, 35, 93, 98, 67, 92, 48, 79],
[48, 44, 26, 29, 43, 72, 92, 18, 15, 2, 63, 38, 80, 97],
[31, 71, 88, 102, 19, 9, 18, 100, 52, 7, 25, 104, 41, 60, 74, 38, 45, 2, 94, 105, 81, 85],
[39, 65, 61, 0, 87, 45, 2, 15, 34, 93, 18, 92, 48, 108, 72, 44, 82, 33, 31, 102, 51, 46],
[1, 0, 87, 55, 101, 94, 85, 19, 33, 99, 69],
[40, 37, 7, 103, 62, 53, 45, 55, 39, 17, 95, 20, 68, 59, 27, 94, 85, 54, 6, 81, 105, 83],
[65, 78, 39, 55, 63, 53, 8, 90, 91, 52, 89, 42, 5, 107, 48, 44, 82, 33, 31],
[75, 20, 95, 17, 65, 56, 87, 38, 53, 90, 49, 52, 89, 11, 5, 77, 4, 36, 79, 73],
[39, 17, 32, 59, 27, 101, 55, 45, 53, 62, 91, 52, 89, 109, 64, 96, 11],
[55, 87, 97, 1, 0, 80, 38, 53, 90, 91, 52, 89, 11, 79, 36, 108, 72, 92, 18, 98, 67, 100],
[57, 10, 52, 91, 90, 53, 45, 55, 39, 17, 50, 20, 75],
[65, 56, 17, 75, 20, 50, 95, 27, 105, 83, 15, 18, 92, 64, 79, 36, 107, 77],
[50, 68, 59, 27, 105, 83, 35, 49, 91, 90, 53, 12, 41, 103, 16, 74, 58, 97, 0, 56, 17, 20],
[104, 84, 7, 52, 89, 64, 79, 72, 44, 82, 99, 76, 102, 24, 22, 6],
[71, 88, 51, 86, 28, 59, 95, 17, 65, 56, 87, 97, 58, 74, 16, 70, 25, 37, 40],
[61, 65, 17, 27, 105, 94, 85, 19, 82, 26, 29],
[29, 30, 43, 44, 92, 18, 93, 35, 8, 12, 16, 47],
[61, 1, 97, 58, 74, 60, 12, 62, 90, 49, 52, 89, 11, 64, 79, 108, 36, 5, 42, 57, 40, 25],
[25, 7, 10, 52, 49, 35, 2, 83, 105, 27, 21, 59, 95, 17, 56, 87, 38, 55, 101],
[100, 91, 62, 47, 41, 16, 12, 63, 55, 101, 27, 21, 86, 51, 71, 88],
[104, 84, 7, 52, 100, 67, 18, 9, 23, 31, 51, 71, 88, 102, 14, 69, 43, 72, 36, 108, 107, 4],
[60, 16, 103, 41, 47, 12, 63, 2, 15, 54, 24, 102, 88, 71, 51, 31, 22, 85, 66, 18, 98],
[8, 62, 91, 49, 35, 93, 98, 67, 18, 66, 54, 85, 22],
[40, 37, 104, 84, 7, 49, 91, 35, 34, 54, 85, 6, 86, 46],
[37, 57, 42, 96, 89, 52, 91, 49, 90, 53, 63, 38, 87, 56, 61, 65, 78],
[44, 92, 64, 11, 89, 73, 42, 57, 7, 25, 70, 103, 12, 63, 55, 39, 65, 78, 95, 68, 50, 75],
[25, 84, 37, 40, 10, 52, 100, 93, 3, 54, 85, 24, 102, 33, 31, 88, 71, 51, 46],
[41, 103, 62, 8, 35, 93, 9, 23, 33, 102, 19, 22, 66, 15, 3, 67, 98],
[16, 70, 41, 60, 58, 38, 63, 2, 15, 34, 93, 18, 92, 72, 26, 30, 43],
[75, 20, 50, 65, 56, 87, 38, 63, 8, 90, 91, 52, 89, 106, 73, 96, 64, 79, 48, 72, 26, 30]]

\
Best Operator Route set string:
\
38-63-45-55-39-78-65-17-20-75*46-86-51-102-31-33-99-69-14-76*48-72-92-67-98-18-9-23-33-31*25-70-103-62-8-35-15-34-93-67*42-73-89-52-91-62-12-74-60-47*9-18-98-67-100-91-49-8-12-47*13-32-68-95-17-78-65-56-87-80*80-38-87-56-65-17-95-68-32-13*13-32-59-27-105-94-83-15-34-93*42-73-89-52-91-90-8-12-16-41*79-64-92-18-66-3-54-85-6-81*13-32-68-95-17-78-65-56-87-80*13-32-68-95-17-65-56-87-80-58*80-38-63-45-55-39-65-17-20-75*13-32-68-95-17-78-65-56-87-80*80-38-63-45-55-39-65-17-20-75*5-77-4-107-36-108-72-44-26-82*12-62-8-35-15-3-54-85-6-81*29-30-43-72-79-64-89-106-57-40-37*61-1-0-87-56-65-17-95-68-32*80-38-87-56-65-17-95-68-32-13*45-63-53-8-90-91-49-52-89-96*60-74-38-63-2-15-54-85-24-102*67-98-93-34-15-3-54-85-6-81*80-38-87-56-65-17-95-68-32-13*10-52-49-90-8-35-15-54-85-81*13-32-68-95-17-78-65-56-87-80*13-32-68-95-17-65-56-87-80-38*64-11-89-52-49-91-90-8-62-103*13-32-68-95-17-65-56-87-80-58*81-6-85-22-66-18-92-64-89-96*79-64-11-89-52-49-91-90-8-62*1-0-87-56-39-17-95-68-32-13*13-32-68-95-17-65-56-87-80-38*45-63-53-8-90-49-91-52-89-73*13-32-59-27-94-105-83-15-34-93*65-39-55-101-27-21-28-86-71-88*13-32-68-95-17-78-65-56-87-80*32-68-95-17-39-55-45-63-38-80*1-0-87-55-101-94-105-81-6-24*13-32-68-95-17-78-65-56-87-80*13-32-68-95-17-78-65-56-87-80*104-84-7-52-100-18-93-35-8-62*13-32-68-95-17-65-56-87-80-38*80-38-87-56-65-17-95-68-32-13*13-32-68-95-17-65-56-87-97-58*80-38-63-45-55-39-65-17-20-75*80-38-63-45-55-39-17-50-20-75*20-50-95-27-94-85-19-33-99-69*36-79-64-11-89-52-49-91-90-8*13-32-68-95-17-65-56-87-80-38*13-32-68-95-17-78-65-56-87-80*13-32-68-95-17-65-56-87-80-38*1-0-87-56-65-17-95-68-32-13*13-32-68-95-17-78-65-56-87-80*64-109-89-52-91-49-90-8-63-45*

\
Best Passenger Route set sting:
\
30-43-69-14-76-31-22-54-15-2-45-80-97-1-0-39-17-95-68-21-28-46*65-17-75-20-50-95-59-27-94-83-15-18-67-98-93-66-34-3-22-6-81*75-20-50-95-68-21-86-46-28-59-27-101-55-45-63-12-47-60*25-7-49-35-15-83-105-27-21-59-95-78-0-97*48-107-4-108-36-64-89-52-91-62-12-16-41*21-32-68-75-20-95-27-94-85-22-19-23-9-3-81*48-108-36-107-5-11-64-92-18-66-6-86-28-21-27-94-105-83-3-9-23*29-30-69-99-82-44-48-107-77-5-42-96-64-92-9-3-85-24-102-76*41-74-58-80-55-101-94-105-81-6-22-19-33-99-14-31-23*67-3-6-81-94-27-17-78-39-55-45-2-15-66-9-23-82-26-30-44-72-79*70-7-40-10-52-91-35-83-94-27-32-13-28-86-51-102-24-54-15-34*76-14-33-19-85-94-27-17-56-65-50-95-78-0-1-87-55-45*101-94-83-34-18-92-72-36-5-107-108-79-73-106-57-40-104-70-103*30-43-26-44-92-67-98-18-15-2-45-55-39-17-75-20-50-65-78*69-30-44-92-18-15-2-45-55-39-65-56-1*17-56-39-55-101-94-81-6-22-19-82-26-43-30-44-92-18-34-54*77-5-42-57-106-73-64-92-9-23-31-88-71*15-34-18-9-92-64-11-73-89-52-49-90-8-63-55-101-27-21-13-32-68-95*18-92-48-107-108-72-44-82-19-24-86-28-21-32-20-50*40-10-52-49-8-63-38-87-0-1-61*14-76-99-82-44-72-79-73-106-57-37-7-49-90-35-15-3-22*84-70-41-47-74-60-12-63-45-2-83-3-19-33-99-69-14-102-51-86-46*50-13-32-17-78-65-56-39-55-101-94-105-81-6-24-31-76-33-102-71-86*50-68-17-56-87-80-38-63-53-90-49-52-89-109-11-106-57-37-25*71-51-102-76-99-69-43-30-26-72-79-73-89-52-7-84-70-10-57-106*29-30-43-72-79-64-11-89-52-10-70-7-49-90-91-8-35-15-83-3-66-18*49-90-91-100-52-7-41-47-58-74-12-8-35-93-98-67-92-48-79*48-44-26-29-43-72-92-18-15-2-63-38-80-97*31-71-88-102-19-9-18-100-52-7-25-104-41-60-74-38-45-2-94-105-81-85*39-65-61-0-87-45-2-15-34-93-18-92-48-108-72-44-82-33-31-102-51-46*1-0-87-55-101-94-85-19-33-99-69*40-37-7-103-62-53-45-55-39-17-95-20-68-59-27-94-85-54-6-81-105-83*65-78-39-55-63-53-8-90-91-52-89-42-5-107-48-44-82-33-31*75-20-95-17-65-56-87-38-53-90-49-52-89-11-5-77-4-36-79-73*39-17-32-59-27-101-55-45-53-62-91-52-89-109-64-96-11*55-87-97-1-0-80-38-53-90-91-52-89-11-79-36-108-72-92-18-98-67-100*57-10-52-91-90-53-45-55-39-17-50-20-75*65-56-17-75-20-50-95-27-105-83-15-18-92-64-79-36-107-77*50-68-59-27-105-83-35-49-91-90-53-12-41-103-16-74-58-97-0-56-17-20*104-84-7-52-89-64-79-72-44-82-99-76-102-24-22-6*71-88-51-86-28-59-95-17-65-56-87-97-58-74-16-70-25-37-40*61-65-17-27-105-94-85-19-82-26-29*29-30-43-44-92-18-93-35-8-12-16-47*61-1-97-58-74-60-12-62-90-49-52-89-11-64-79-108-36-5-42-57-40-25*25-7-10-52-49-35-2-83-105-27-21-59-95-17-56-87-38-55-101*100-91-62-47-41-16-12-63-55-101-27-21-86-51-71-88*104-84-7-52-100-67-18-9-23-31-51-71-88-102-14-69-43-72-36-108-107-4*60-16-103-41-47-12-63-2-15-54-24-102-88-71-51-31-22-85-66-18-98*8-62-91-49-35-93-98-67-18-66-54-85-22*40-37-104-84-7-49-91-35-34-54-85-6-86-46*37-57-42-96-89-52-91-49-90-53-63-38-87-56-61-65-78*44-92-64-11-89-73-42-57-7-25-70-103-12-63-55-39-65-78-95-68-50-75*25-84-37-40-10-52-100-93-3-54-85-24-102-33-31-88-71-51-46*41-103-62-8-35-93-9-23-33-102-19-22-66-15-3-67-98*16-70-41-60-58-38-63-2-15-34-93-18-92-72-26-30-43*75-20-50-65-56-87-38-63-8-90-91-52-89-106-73-96-64-79-48-72-26-30*