34_2_Mumford0_SA_Long_run RESULTS EVALUATION:
\
HV:0.8167 | BM:0.8087

\
	Operator	Passenger
\
f1_ATT	27.6051		15.4808
\
f2_TRT	98		431
\
d_0	22.3901		65.4986
\
d_1	31.2748		34.5014
\
d_2	18.8245		0.0000
\
d_un	27.5105		0.0000

\
Best Operator Route set:
\
[[28, 16],
[14, 20],
[26, 0],
[14, 23, 3, 1],
[15, 10, 2, 29, 27, 7, 28, 0, 18, 13, 6, 21, 5],
[7, 20, 24],
[28, 25],
[17, 22, 0, 12, 19],
[4, 24],
[12, 8],
[3, 9],
[17, 11]]

\
Best Passenger Route set:
\
[[23, 20, 4, 24],
[12, 22, 25, 7, 2, 15, 5],
[13, 6, 16, 7, 14, 23, 9, 1, 3, 4],
[8, 12, 0, 13, 6, 5, 21, 15, 16, 28, 17],
[22, 0, 28, 16, 27, 29, 2, 21, 6, 15, 5],
[23, 24, 7, 28, 17, 19, 18, 13, 6, 10, 2, 29],
[11, 25, 28, 16, 15, 10, 7, 24, 1, 3, 14, 9],
[20, 23, 1, 3, 24, 7, 27, 29, 15],
[24, 4],
[20, 23, 9, 1, 3, 11, 17, 22, 18, 0, 26, 8, 12, 19],
[23, 14, 24, 4, 7, 25, 0, 18, 12, 19],
[5, 21, 10, 27, 7, 20, 14, 11, 17, 12, 8, 19, 18]]

\
Best Operator Route set string:
\
28-16*14-20*26-0*14-23-3-1*15-10-2-29-27-7-28-0-18-13-6-21-5*7-20-24*28-25*17-22-0-12-19*4-24*12-8*3-9*17-11*

\
Best Passenger Route set sting:
\
23-20-4-24*12-22-25-7-2-15-5*13-6-16-7-14-23-9-1-3-4*8-12-0-13-6-5-21-15-16-28-17*22-0-28-16-27-29-2-21-6-15-5*23-24-7-28-17-19-18-13-6-10-2-29*11-25-28-16-15-10-7-24-1-3-14-9*20-23-1-3-24-7-27-29-15*24-4*20-23-9-1-3-11-17-22-18-0-26-8-12-19*23-14-24-4-7-25-0-18-12-19*5-21-10-27-7-20-14-11-17-12-8-19-18*