34_5_Mumford3_SA_Long_run RESULTS EVALUATION:
\
HV:0.5822 | BM:0.6385

\
	Operator	Passenger
\
f1_ATT	32.3302		28.2169
\
f2_TRT	2682		4060
\
d_0	23.5461		45.0707
\
d_1	58.0499		54.3706
\
d_2	17.1764		0.5587
\
d_un	1.2277		0.0000

\
Best Operator Route set:
\
[[4, 43, 113, 42, 89, 51, 31, 39, 88, 82, 95, 13],
[35, 125, 91, 88, 101, 0, 79, 2, 114, 78, 96, 71],
[69, 43, 42, 89, 52, 118, 1, 11, 26, 40, 50, 76],
[47, 51, 52, 122, 94, 29, 80, 9, 66, 14, 100, 71],
[42, 89, 52, 118, 1, 77, 11, 79, 48, 73, 6, 45],
[17, 89, 52, 118, 1, 11, 79, 97, 48, 73, 60, 32],
[51, 52, 118, 1, 77, 11, 0, 48, 73, 6, 45, 112],
[91, 88, 101, 0, 79, 2, 37, 23, 53, 14, 108, 115],
[73, 48, 2, 49, 66, 80, 63, 58, 105, 104, 18, 109],
[34, 56, 12, 3, 78, 114, 2, 79, 0, 120, 65, 116],
[62, 16, 55, 99, 48, 26, 7, 101, 88, 125, 21, 119],
[34, 68, 110, 87, 24, 36, 5, 58, 105, 104, 59, 89],
[55, 16, 114, 74, 66, 80, 5, 36, 24, 86, 10, 109],
[19, 32, 60, 73, 48, 2, 37, 23, 53, 14, 61, 106],
[48, 0, 11, 77, 1, 118, 52, 89, 42, 17, 64, 111],
[41, 25, 88, 101, 0, 79, 2, 37, 23, 53, 61, 115],
[107, 3, 71, 96, 78, 114, 2, 79, 0, 101, 88, 121],
[34, 56, 12, 3, 71, 78, 114, 2, 11, 46, 39, 30],
[71, 96, 78, 114, 16, 55, 45, 6, 60, 32, 20, 85],
[71, 96, 78, 114, 2, 11, 46, 39, 33, 30, 22, 119],
[8, 41, 30, 38, 52, 122, 29, 5, 24, 87, 110, 84],
[83, 50, 92, 126, 48, 2, 23, 53, 14, 61, 108, 115],
[45, 73, 48, 2, 49, 124, 66, 80, 63, 105, 43, 103],
[106, 61, 53, 23, 37, 2, 79, 0, 101, 88, 91, 123],
[45, 73, 48, 0, 77, 1, 118, 52, 89, 42, 17, 28],
[60, 73, 48, 2, 49, 72, 124, 9, 63, 58, 105, 104],
[90, 113, 42, 89, 52, 118, 1, 77, 11, 79, 48, 99],
[31, 51, 52, 118, 1, 11, 79, 97, 48, 73, 60, 75],
[34, 68, 110, 87, 102, 24, 5, 29, 94, 122, 52, 51],
[6, 45, 73, 48, 79, 11, 1, 118, 52, 89, 17, 98],
[12, 3, 96, 71, 78, 114, 2, 11, 46, 39, 30, 57],
[73, 48, 97, 11, 77, 67, 118, 52, 89, 17, 64, 111],
[15, 12, 100, 14, 53, 66, 80, 63, 58, 105, 104, 59],
[75, 32, 60, 73, 48, 2, 49, 66, 80, 5, 24, 117],
[34, 56, 12, 3, 78, 114, 2, 79, 0, 120, 93, 44],
[54, 51, 52, 122, 94, 29, 80, 66, 14, 100, 96, 71],
[19, 32, 60, 73, 48, 2, 49, 72, 70, 9, 80, 63],
[13, 50, 40, 7, 11, 1, 27, 81, 29, 5, 24, 117],
[60, 73, 48, 79, 11, 77, 1, 118, 52, 89, 42, 113],
[30, 39, 46, 11, 79, 2, 114, 78, 100, 12, 56, 34],
[62, 16, 114, 23, 72, 66, 80, 63, 105, 104, 43, 64],
[60, 73, 48, 97, 79, 11, 1, 118, 52, 89, 113, 90],
[16, 114, 74, 23, 72, 66, 53, 14, 100, 78, 71, 96],
[75, 60, 73, 48, 97, 11, 77, 1, 118, 52, 89, 17, 64],
[54, 51, 52, 118, 1, 77, 11, 79, 48, 73, 6, 112],
[75, 60, 73, 48, 2, 49, 124, 66, 80, 36, 24, 117],
[68, 3, 96, 71, 78, 114, 2, 48, 73, 126, 92, 76],
[125, 88, 101, 0, 79, 2, 114, 78, 96, 71, 3, 107],
[15, 3, 71, 96, 100, 14, 66, 80, 29, 122, 52, 51],
[17, 42, 89, 52, 118, 1, 77, 11, 97, 48, 73, 60],
[4, 43, 113, 89, 52, 118, 1, 77, 11, 26, 126, 92],
[117, 86, 10, 69, 43, 42, 89, 31, 33, 30, 22, 119],
[35, 125, 91, 88, 101, 0, 79, 2, 23, 53, 14, 61],
[71, 96, 78, 114, 16, 55, 45, 6, 60, 32, 20, 85],
[50, 83, 92, 126, 73, 48, 2, 23, 53, 14, 61, 102],
[59, 89, 51, 52, 118, 1, 77, 11, 0, 48, 73, 60],
[76, 92, 126, 26, 11, 1, 118, 52, 89, 42, 113, 98],
[14, 53, 23, 37, 2, 79, 11, 46, 39, 30, 22, 119],
[32, 60, 73, 48, 97, 11, 77, 1, 118, 52, 89, 42],
[15, 12, 100, 14, 53, 66, 80, 63, 58, 105, 43, 90]]

\
Best Passenger Route set:
\
[[3, 115, 106, 102, 24, 36, 5, 80, 29, 94, 122, 52, 31, 39, 88, 121, 25, 41],
[70, 66, 74, 2, 79, 0, 120, 93, 82, 91, 125, 22, 119],
[65, 116, 95, 44, 120, 7, 11, 2, 114, 78, 71, 96, 100],
[90, 113, 17, 28, 64, 103, 4, 109, 86, 24, 102, 106, 115, 3, 12, 68, 34],
[113, 98, 43, 28, 111, 69, 18, 117, 24, 36, 9, 124, 23, 74, 49],
[95, 13, 19, 32, 60, 73, 48, 97, 11, 1, 118, 52, 89, 59, 43, 69, 109, 86, 117, 24, 102],
[105, 63, 5, 36, 29, 27, 67, 77, 0, 7, 101, 65, 116, 93, 88, 25, 30, 54, 47, 51, 52, 118, 1, 11, 79],
[116, 120, 7, 26, 11, 2, 49, 72, 14, 61, 115, 3, 71, 78],
[85, 20, 32, 6, 45, 55, 16, 114, 78, 96, 71, 100, 14, 66, 80, 63, 105, 43, 98, 17, 42, 90, 59],
[15, 107, 3, 78, 114, 2, 11, 1, 118, 52, 51, 54, 47],
[84, 110, 87, 102, 24, 36, 29, 122, 52, 31, 33, 41, 8, 21, 119],
[115, 108, 14, 66, 49, 2, 79, 0, 101, 88, 125, 21],
[96, 71, 100, 78, 114, 2, 11, 46, 39, 30, 22, 119, 21],
[76, 13, 50, 83, 92, 126, 73, 48, 2, 114, 78, 12, 56, 34],
[14, 108, 102, 24, 36, 9, 124, 23, 37, 79, 11, 67, 118, 52, 31, 89, 59, 17, 43, 4, 111],
[8, 22, 35, 123, 95, 13, 50, 92, 126, 48, 2, 23, 53, 61, 115],
[115, 108, 14, 66, 9, 81, 1, 46, 39, 33, 38, 31, 51, 54, 47],
[117, 86, 10, 109, 69, 43, 42, 89, 31, 33, 30, 57, 21, 8],
[98, 28, 64, 103, 18, 104, 58, 36, 80, 81, 67, 11, 7, 93, 44, 116, 40],
[117, 86, 10, 109, 103, 98, 113, 42, 105, 63, 80, 66, 14, 100, 3, 107, 56, 68, 84],
[55, 6, 45, 73, 48, 2, 49, 124, 70, 9, 29, 27, 67, 1, 11],
[62, 16, 114, 23, 124, 9, 63, 58, 104, 18, 109, 4, 64, 28],
[64, 103, 18, 86, 117, 10, 109, 43, 90, 113, 89, 52, 118, 1, 11, 0, 48, 99, 55, 16, 114, 2, 37, 79, 97],
[20, 76, 50, 95, 123, 91, 25, 38, 51, 89, 59, 43, 4, 109, 86, 117],
[16, 55, 45, 6, 73, 48, 0, 77, 1, 118, 52, 89, 17, 64, 111, 103, 4, 18, 10, 117],
[21, 41, 30, 33, 25, 88, 101, 26, 126, 32, 60, 6, 45, 55, 16],
[19, 76, 92, 83, 50, 116, 101, 88, 39, 31, 89, 17, 98, 103, 4, 69, 109, 86, 24, 87, 61, 115, 3, 15, 107],
[109, 18, 4, 43, 113, 89, 52, 122, 29, 9, 70, 124, 49, 23, 74, 37],
[85, 20, 50, 116, 82, 93, 7, 26, 0, 79, 37, 23, 124, 9, 5, 36, 58, 104, 43, 113],
[95, 116, 101, 120, 7, 26, 126, 73, 99, 48, 2, 23, 53, 61, 108, 106, 115],
[69, 103, 28, 64, 4, 10, 86, 24, 5, 29, 81, 1, 77, 0, 120, 116, 65, 40, 50, 83, 76, 20, 75],
[85, 19, 75, 20, 92, 40, 93, 88, 39, 31, 89, 113, 90, 103, 4, 10],
[45, 32, 60, 73, 48, 97, 37, 74, 66, 80, 63, 105, 104, 18, 109, 4],
[12, 107, 15, 3, 78, 114, 2, 11, 77, 67, 27, 122, 94, 81],
[56, 12, 78, 71, 3, 96, 100, 14, 72, 49, 2, 79, 0, 101, 88, 91, 35],
[32, 45, 6, 73, 48, 79, 11, 67, 27, 29, 80, 66, 72, 74, 114, 16, 55, 112, 62],
[92, 83, 50, 65, 120, 0, 77, 1, 27, 94, 29, 9, 72, 124, 70],
[62, 112, 45, 73, 48, 26, 101, 88, 125, 22, 8, 119, 21],
[116, 44, 82, 40, 50, 20, 32, 60, 73, 48, 2, 49, 66, 80, 36, 24, 86, 10, 18, 104, 105, 42, 17, 64, 111],
[45, 60, 32, 112, 16, 114, 74, 66, 80, 63, 105, 43, 103, 111],
[68, 84, 87, 24, 5, 29, 27, 118, 46, 39, 25, 91, 125, 35, 8, 21],
[110, 84, 87, 108, 61, 53, 23, 2, 11, 46, 39, 33, 41, 8, 35, 123],
[49, 72, 70, 9, 63, 5, 24, 102, 108, 61, 87, 84],
[84, 68, 3, 78, 114, 2, 79, 0, 101, 88, 25, 41, 57],
[33, 54, 47, 38, 39, 88, 82, 65, 50, 76, 85, 19],
[66, 74, 23, 124, 72, 14, 108, 87, 110, 84, 56, 3, 78, 114, 16, 55, 60, 32],
[13, 83, 50, 20, 19, 85, 76, 92, 126, 48, 2, 49, 124, 9, 36, 24, 86],
[95, 13, 83, 50, 40, 7, 11, 1, 81, 80, 63, 105, 43, 64, 28],
[69, 4, 10, 117, 24, 102, 61, 14, 100, 78, 3, 12, 56, 34],
[117, 18, 4, 69, 43, 98, 90, 113, 59, 104, 58, 5, 24, 86],
[22, 21, 57, 30, 38, 52, 122, 29, 80, 66, 14, 100, 12, 56],
[34, 68, 110, 87, 24, 36, 58, 105, 42, 17, 113, 90],
[19, 85, 92, 126, 26, 11, 1, 118, 52, 89, 42, 28, 64, 111],
[112, 32, 75, 60, 73, 48, 2, 49, 72, 9, 63, 105, 43, 98, 113, 59, 104],
[112, 6, 73, 48, 2, 23, 53, 14, 106, 87, 110, 68, 56],
[84, 110, 87, 61, 53, 23, 2, 79, 0, 26, 40, 95, 123, 35, 21],
[107, 15, 12, 100, 14, 53, 66, 80, 63, 58, 104, 59, 89, 31, 39, 88, 82, 95, 13, 83],
[115, 106, 108, 61, 14, 66, 70, 124, 49, 2, 11, 7, 65, 116, 44, 40, 93, 101],
[26, 40, 65, 44, 82, 91, 121, 88, 101, 0, 97, 2, 23, 53, 61, 102, 24, 36, 5, 80, 81, 67, 11, 7, 120],
[115, 108, 61, 53, 66, 80, 81, 27, 52, 51, 31, 30, 22, 119]]

\
Best Operator Route set string:
\
4-43-113-42-89-51-31-39-88-82-95-13*35-125-91-88-101-0-79-2-114-78-96-71*69-43-42-89-52-118-1-11-26-40-50-76*47-51-52-122-94-29-80-9-66-14-100-71*42-89-52-118-1-77-11-79-48-73-6-45*17-89-52-118-1-11-79-97-48-73-60-32*51-52-118-1-77-11-0-48-73-6-45-112*91-88-101-0-79-2-37-23-53-14-108-115*73-48-2-49-66-80-63-58-105-104-18-109*34-56-12-3-78-114-2-79-0-120-65-116*62-16-55-99-48-26-7-101-88-125-21-119*34-68-110-87-24-36-5-58-105-104-59-89*55-16-114-74-66-80-5-36-24-86-10-109*19-32-60-73-48-2-37-23-53-14-61-106*48-0-11-77-1-118-52-89-42-17-64-111*41-25-88-101-0-79-2-37-23-53-61-115*107-3-71-96-78-114-2-79-0-101-88-121*34-56-12-3-71-78-114-2-11-46-39-30*71-96-78-114-16-55-45-6-60-32-20-85*71-96-78-114-2-11-46-39-33-30-22-119*8-41-30-38-52-122-29-5-24-87-110-84*83-50-92-126-48-2-23-53-14-61-108-115*45-73-48-2-49-124-66-80-63-105-43-103*106-61-53-23-37-2-79-0-101-88-91-123*45-73-48-0-77-1-118-52-89-42-17-28*60-73-48-2-49-72-124-9-63-58-105-104*90-113-42-89-52-118-1-77-11-79-48-99*31-51-52-118-1-11-79-97-48-73-60-75*34-68-110-87-102-24-5-29-94-122-52-51*6-45-73-48-79-11-1-118-52-89-17-98*12-3-96-71-78-114-2-11-46-39-30-57*73-48-97-11-77-67-118-52-89-17-64-111*15-12-100-14-53-66-80-63-58-105-104-59*75-32-60-73-48-2-49-66-80-5-24-117*34-56-12-3-78-114-2-79-0-120-93-44*54-51-52-122-94-29-80-66-14-100-96-71*19-32-60-73-48-2-49-72-70-9-80-63*13-50-40-7-11-1-27-81-29-5-24-117*60-73-48-79-11-77-1-118-52-89-42-113*30-39-46-11-79-2-114-78-100-12-56-34*62-16-114-23-72-66-80-63-105-104-43-64*60-73-48-97-79-11-1-118-52-89-113-90*16-114-74-23-72-66-53-14-100-78-71-96*75-60-73-48-97-11-77-1-118-52-89-17-64*54-51-52-118-1-77-11-79-48-73-6-112*75-60-73-48-2-49-124-66-80-36-24-117*68-3-96-71-78-114-2-48-73-126-92-76*125-88-101-0-79-2-114-78-96-71-3-107*15-3-71-96-100-14-66-80-29-122-52-51*17-42-89-52-118-1-77-11-97-48-73-60*4-43-113-89-52-118-1-77-11-26-126-92*117-86-10-69-43-42-89-31-33-30-22-119*35-125-91-88-101-0-79-2-23-53-14-61*71-96-78-114-16-55-45-6-60-32-20-85*50-83-92-126-73-48-2-23-53-14-61-102*59-89-51-52-118-1-77-11-0-48-73-60*76-92-126-26-11-1-118-52-89-42-113-98*14-53-23-37-2-79-11-46-39-30-22-119*32-60-73-48-97-11-77-1-118-52-89-42*15-12-100-14-53-66-80-63-58-105-43-90*

\
Best Passenger Route set sting:
\
3-115-106-102-24-36-5-80-29-94-122-52-31-39-88-121-25-41*70-66-74-2-79-0-120-93-82-91-125-22-119*65-116-95-44-120-7-11-2-114-78-71-96-100*90-113-17-28-64-103-4-109-86-24-102-106-115-3-12-68-34*113-98-43-28-111-69-18-117-24-36-9-124-23-74-49*95-13-19-32-60-73-48-97-11-1-118-52-89-59-43-69-109-86-117-24-102*105-63-5-36-29-27-67-77-0-7-101-65-116-93-88-25-30-54-47-51-52-118-1-11-79*116-120-7-26-11-2-49-72-14-61-115-3-71-78*85-20-32-6-45-55-16-114-78-96-71-100-14-66-80-63-105-43-98-17-42-90-59*15-107-3-78-114-2-11-1-118-52-51-54-47*84-110-87-102-24-36-29-122-52-31-33-41-8-21-119*115-108-14-66-49-2-79-0-101-88-125-21*96-71-100-78-114-2-11-46-39-30-22-119-21*76-13-50-83-92-126-73-48-2-114-78-12-56-34*14-108-102-24-36-9-124-23-37-79-11-67-118-52-31-89-59-17-43-4-111*8-22-35-123-95-13-50-92-126-48-2-23-53-61-115*115-108-14-66-9-81-1-46-39-33-38-31-51-54-47*117-86-10-109-69-43-42-89-31-33-30-57-21-8*98-28-64-103-18-104-58-36-80-81-67-11-7-93-44-116-40*117-86-10-109-103-98-113-42-105-63-80-66-14-100-3-107-56-68-84*55-6-45-73-48-2-49-124-70-9-29-27-67-1-11*62-16-114-23-124-9-63-58-104-18-109-4-64-28*64-103-18-86-117-10-109-43-90-113-89-52-118-1-11-0-48-99-55-16-114-2-37-79-97*20-76-50-95-123-91-25-38-51-89-59-43-4-109-86-117*16-55-45-6-73-48-0-77-1-118-52-89-17-64-111-103-4-18-10-117*21-41-30-33-25-88-101-26-126-32-60-6-45-55-16*19-76-92-83-50-116-101-88-39-31-89-17-98-103-4-69-109-86-24-87-61-115-3-15-107*109-18-4-43-113-89-52-122-29-9-70-124-49-23-74-37*85-20-50-116-82-93-7-26-0-79-37-23-124-9-5-36-58-104-43-113*95-116-101-120-7-26-126-73-99-48-2-23-53-61-108-106-115*69-103-28-64-4-10-86-24-5-29-81-1-77-0-120-116-65-40-50-83-76-20-75*85-19-75-20-92-40-93-88-39-31-89-113-90-103-4-10*45-32-60-73-48-97-37-74-66-80-63-105-104-18-109-4*12-107-15-3-78-114-2-11-77-67-27-122-94-81*56-12-78-71-3-96-100-14-72-49-2-79-0-101-88-91-35*32-45-6-73-48-79-11-67-27-29-80-66-72-74-114-16-55-112-62*92-83-50-65-120-0-77-1-27-94-29-9-72-124-70*62-112-45-73-48-26-101-88-125-22-8-119-21*116-44-82-40-50-20-32-60-73-48-2-49-66-80-36-24-86-10-18-104-105-42-17-64-111*45-60-32-112-16-114-74-66-80-63-105-43-103-111*68-84-87-24-5-29-27-118-46-39-25-91-125-35-8-21*110-84-87-108-61-53-23-2-11-46-39-33-41-8-35-123*49-72-70-9-63-5-24-102-108-61-87-84*84-68-3-78-114-2-79-0-101-88-25-41-57*33-54-47-38-39-88-82-65-50-76-85-19*66-74-23-124-72-14-108-87-110-84-56-3-78-114-16-55-60-32*13-83-50-20-19-85-76-92-126-48-2-49-124-9-36-24-86*95-13-83-50-40-7-11-1-81-80-63-105-43-64-28*69-4-10-117-24-102-61-14-100-78-3-12-56-34*117-18-4-69-43-98-90-113-59-104-58-5-24-86*22-21-57-30-38-52-122-29-80-66-14-100-12-56*34-68-110-87-24-36-58-105-42-17-113-90*19-85-92-126-26-11-1-118-52-89-42-28-64-111*112-32-75-60-73-48-2-49-72-9-63-105-43-98-113-59-104*112-6-73-48-2-23-53-14-106-87-110-68-56*84-110-87-61-53-23-2-79-0-26-40-95-123-35-21*107-15-12-100-14-53-66-80-63-58-104-59-89-31-39-88-82-95-13-83*115-106-108-61-14-66-70-124-49-2-11-7-65-116-44-40-93-101*26-40-65-44-82-91-121-88-101-0-97-2-23-53-61-102-24-36-5-80-81-67-11-7-120*115-108-61-53-66-80-81-27-52-51-31-30-22-119*