1_3_Mumford1_GA_Initial_solutions RESULTS EVALUATION:
\
HV:0.7674 | BM:0.7758

\
	Operator	Passenger
\
f1_ATT	30.7392		23.0801
\
f2_TRT	495		1572
\
d_0	20.8954		54.1432
\
d_1	52.8224		43.3077
\
d_2	25.5481		2.5491
\
d_un	0.7341		0.0000

\
Best Operator Route set:
\
[[35, 57, 34, 41, 45, 36, 54, 18, 39, 32],
[68, 9, 11, 31, 1, 26, 8, 28, 56, 6],
[29, 48, 66, 19, 38, 22, 33, 20, 55, 10],
[9, 68, 59, 10, 55, 52, 64, 51, 41, 45],
[68, 9, 11, 31, 1, 26, 8, 28, 56, 6],
[46, 7, 4, 12, 41, 34, 58, 33, 50, 2, 23],
[9, 68, 59, 10, 55, 52, 64, 51, 41, 45],
[2, 0, 69, 3, 66, 19, 38, 22, 33, 13],
[57, 34, 41, 45, 36, 54, 5, 65, 37, 67],
[62, 42, 15, 49, 1, 16, 10, 55, 20, 43],
[42, 15, 49, 26, 16, 10, 17, 61, 60, 14],
[27, 12, 25, 34, 57, 35, 51, 8, 26, 49],
[63, 21, 24, 30, 26, 16, 10, 55, 20, 33],
[44, 60, 61, 43, 33, 22, 19, 54, 18, 39],
[1, 26, 8, 56, 6, 47, 53, 7, 40, 46]]

\
Best Passenger Route set:
\
[[42, 15, 49, 26, 16, 10, 20, 33, 22, 38, 66, 48, 39, 18, 54, 36, 45, 34, 51, 56, 8, 55],
[39, 32, 5, 65, 67, 27, 25, 41, 57, 35, 6, 63, 24, 30, 26, 16, 10, 17, 43, 50, 23, 29, 66, 69, 18, 54, 38, 19, 22],
[0, 50, 23, 69, 3, 66, 19, 38, 22, 33, 20, 17, 59, 9, 68, 11, 1, 26, 8, 28, 56, 51, 35, 58, 64, 52, 10, 55, 16],
[28, 56, 6, 47, 53, 46, 40, 7, 4, 12, 25, 34, 35, 51, 8, 26, 1, 31, 9, 17, 43, 20, 55, 16, 10, 59, 11, 49, 62],
[31, 9, 49, 62, 42, 15, 11, 59, 17, 20, 10, 55, 16, 1, 26, 8, 51, 35, 34, 45, 36, 54, 18, 39, 32, 65],
[32, 37, 65, 5, 54, 36, 45, 58, 64, 52, 55, 10, 59, 68, 9, 1, 26, 8, 28, 56, 6, 21, 24, 62],
[0, 69, 3, 38, 54, 66, 19, 18, 5, 65, 39, 32, 37, 67, 27, 41, 34, 35, 51, 8, 26, 49, 15, 42, 30, 63, 6, 47, 7, 40],
[9, 68, 11, 15, 62, 24, 63, 6, 35, 58, 45, 36, 38, 19, 66, 29, 3, 69, 48, 39, 65, 37],
[37, 32, 39, 48, 3, 69, 23, 50, 17, 59, 68, 9, 11, 31, 1, 16, 26, 8, 56, 6, 47, 7, 40, 46],
[39, 48, 69, 19, 36, 41, 25, 4, 40, 46, 7, 53, 47, 6, 56, 8, 28, 10, 17, 61, 44, 14, 2, 50, 33, 58, 35, 34],
[53, 46, 40, 7, 4, 25, 57, 51, 64, 52, 20, 17, 60, 44, 14, 61, 43, 13, 50, 33, 58, 35, 6, 63, 24],
[50, 23, 3, 38, 19, 66, 29, 69, 0, 2, 14, 60, 61, 43, 33, 58, 34, 41, 27, 67, 18],
[42, 15, 49, 1, 59, 17, 61, 14, 2, 50, 33, 58, 41, 25, 4, 7, 40, 46, 53, 47, 6, 63, 21, 24, 30, 62, 26],
[20, 17, 43, 13, 22, 36, 45, 41, 25, 12, 4, 53, 47, 6, 63, 30, 26, 16, 10, 55, 52, 64],
[57, 34, 58, 51, 41, 12, 25, 27, 67, 37, 65, 5, 54, 19, 22, 33, 43, 61, 60, 17, 20, 55, 8, 28, 10, 52, 64, 35, 6]]

\
Best Operator Route set string:
\
35-57-34-41-45-36-54-18-39-32*68-9-11-31-1-26-8-28-56-6*29-48-66-19-38-22-33-20-55-10*9-68-59-10-55-52-64-51-41-45*68-9-11-31-1-26-8-28-56-6*46-7-4-12-41-34-58-33-50-2-23*9-68-59-10-55-52-64-51-41-45*2-0-69-3-66-19-38-22-33-13*57-34-41-45-36-54-5-65-37-67*62-42-15-49-1-16-10-55-20-43*42-15-49-26-16-10-17-61-60-14*27-12-25-34-57-35-51-8-26-49*63-21-24-30-26-16-10-55-20-33*44-60-61-43-33-22-19-54-18-39*1-26-8-56-6-47-53-7-40-46*

\
Best Passenger Route set sting:
\
42-15-49-26-16-10-20-33-22-38-66-48-39-18-54-36-45-34-51-56-8-55*39-32-5-65-67-27-25-41-57-35-6-63-24-30-26-16-10-17-43-50-23-29-66-69-18-54-38-19-22*0-50-23-69-3-66-19-38-22-33-20-17-59-9-68-11-1-26-8-28-56-51-35-58-64-52-10-55-16*28-56-6-47-53-46-40-7-4-12-25-34-35-51-8-26-1-31-9-17-43-20-55-16-10-59-11-49-62*31-9-49-62-42-15-11-59-17-20-10-55-16-1-26-8-51-35-34-45-36-54-18-39-32-65*32-37-65-5-54-36-45-58-64-52-55-10-59-68-9-1-26-8-28-56-6-21-24-62*0-69-3-38-54-66-19-18-5-65-39-32-37-67-27-41-34-35-51-8-26-49-15-42-30-63-6-47-7-40*9-68-11-15-62-24-63-6-35-58-45-36-38-19-66-29-3-69-48-39-65-37*37-32-39-48-3-69-23-50-17-59-68-9-11-31-1-16-26-8-56-6-47-7-40-46*39-48-69-19-36-41-25-4-40-46-7-53-47-6-56-8-28-10-17-61-44-14-2-50-33-58-35-34*53-46-40-7-4-25-57-51-64-52-20-17-60-44-14-61-43-13-50-33-58-35-6-63-24*50-23-3-38-19-66-29-69-0-2-14-60-61-43-33-58-34-41-27-67-18*42-15-49-1-59-17-61-14-2-50-33-58-41-25-4-7-40-46-53-47-6-63-21-24-30-62-26*20-17-43-13-22-36-45-41-25-12-4-53-47-6-63-30-26-16-10-55-52-64*57-34-58-51-41-12-25-27-67-37-65-5-54-19-22-33-43-61-60-17-20-55-8-28-10-52-64-35-6*