34_3_Mumford1_SA_Long_run RESULTS EVALUATION:
\
HV:0.7877 | BM:0.7758

\
	Operator	Passenger
\
f1_ATT	26.4821		22.3111
\
f2_TRT	511		1359
\
d_0	25.1728		57.1351
\
d_1	59.3348		42.6323
\
d_2	14.5366		0.2326
\
d_un	0.9558		0.0000

\
Best Operator Route set:
\
[[3, 66, 19, 38, 22, 33, 20, 10, 16, 26],
[12, 25, 34, 35, 51, 8, 26, 1, 31, 11],
[36, 45, 58, 51, 56, 28, 8, 26, 30, 24],
[29, 69, 23, 50, 43, 17, 59, 68, 11, 31],
[65, 37, 5, 54, 19, 69, 0, 2, 14, 44],
[36, 45, 34, 35, 6, 63, 21, 24, 62, 42],
[55, 10, 8, 56, 6, 47, 53, 7, 40, 46],
[28, 8, 52, 64, 58, 45, 36, 54, 18, 32],
[60, 61, 17, 20, 52, 64, 51, 35, 57, 34],
[69, 3, 48, 39, 18, 54, 19, 38, 36, 41],
[37, 65, 5, 67, 27, 41, 51, 8, 26, 49],
[0, 2, 50, 43, 20, 55, 16, 26, 62, 15],
[9, 68, 1, 26, 16, 10, 17, 61, 60, 44],
[43, 13, 22, 45, 41, 25, 4, 7, 40, 46],
[11, 68, 9, 59, 10, 52, 64, 58, 34, 41]]

\
Best Passenger Route set:
\
[[27, 25, 12, 41, 58, 64, 52, 55, 10, 59, 9, 68, 1, 26, 30, 63, 6, 47, 53, 7, 46, 40],
[64, 51, 34, 25, 12, 41, 45, 36, 38, 3, 69, 23, 0, 50, 43, 20, 55, 8, 56, 6, 47, 7, 40, 46],
[63, 21, 30, 26, 16, 55, 17, 10, 8, 51, 35, 57, 34, 45, 36, 19, 66, 3, 29, 23, 0],
[39, 32, 65, 37, 5, 54, 19, 69, 0, 2, 50, 13, 22, 45, 41, 12, 40, 46, 7],
[46, 40, 7, 4, 25, 34, 51, 8, 26, 16, 9, 68, 11, 1],
[46, 40, 4, 25, 57, 35, 64, 52, 20, 17, 60, 44, 14, 2, 0, 69, 18, 65, 37, 67, 27, 41, 51, 8, 26, 49, 11, 31, 9, 59],
[60, 14, 44, 17, 10, 28, 56, 6, 47, 53, 4, 25, 41, 36, 38, 69, 23, 2],
[28, 8, 52, 64, 51, 57, 34, 58, 33, 50, 2, 14, 61, 17, 9, 11, 15, 42, 24, 63, 6, 35, 41, 36, 54, 32, 39, 48, 69, 66],
[46, 40, 47, 6, 21, 24, 62, 49, 1, 59, 17, 50, 23, 3, 66, 18, 5, 67, 27, 41, 58, 33, 43, 61, 60, 44],
[53, 46, 40, 7, 4, 25, 27, 67, 37, 65, 32, 39, 48, 29, 69, 23, 50, 43, 20, 10, 16, 26, 30, 24, 63, 6, 56, 8, 52],
[31, 11, 68, 9, 17, 43, 13, 22, 38, 18, 32, 39, 65],
[62, 42, 15, 30, 63, 6, 35, 58, 64, 52, 10, 16, 1, 49, 11, 68, 9, 59],
[36, 54, 5, 65, 37, 67, 27, 41, 34, 35, 6, 21, 62, 15, 11, 31, 1, 26, 8, 28, 56, 51, 58, 33, 22, 38, 66, 3, 29, 48],
[65, 37, 5, 54, 38, 22, 33, 20, 55, 16, 26, 49, 15, 42, 30, 62],
[21, 62, 26, 8, 51, 58, 45, 36, 54, 18, 39, 48, 66, 19, 22, 13, 20, 10, 16, 1, 49, 42]]

\
Best Operator Route set string:
\
3-66-19-38-22-33-20-10-16-26*12-25-34-35-51-8-26-1-31-11*36-45-58-51-56-28-8-26-30-24*29-69-23-50-43-17-59-68-11-31*65-37-5-54-19-69-0-2-14-44*36-45-34-35-6-63-21-24-62-42*55-10-8-56-6-47-53-7-40-46*28-8-52-64-58-45-36-54-18-32*60-61-17-20-52-64-51-35-57-34*69-3-48-39-18-54-19-38-36-41*37-65-5-67-27-41-51-8-26-49*0-2-50-43-20-55-16-26-62-15*9-68-1-26-16-10-17-61-60-44*43-13-22-45-41-25-4-7-40-46*11-68-9-59-10-52-64-58-34-41*

\
Best Passenger Route set sting:
\
27-25-12-41-58-64-52-55-10-59-9-68-1-26-30-63-6-47-53-7-46-40*64-51-34-25-12-41-45-36-38-3-69-23-0-50-43-20-55-8-56-6-47-7-40-46*63-21-30-26-16-55-17-10-8-51-35-57-34-45-36-19-66-3-29-23-0*39-32-65-37-5-54-19-69-0-2-50-13-22-45-41-12-40-46-7*46-40-7-4-25-34-51-8-26-16-9-68-11-1*46-40-4-25-57-35-64-52-20-17-60-44-14-2-0-69-18-65-37-67-27-41-51-8-26-49-11-31-9-59*60-14-44-17-10-28-56-6-47-53-4-25-41-36-38-69-23-2*28-8-52-64-51-57-34-58-33-50-2-14-61-17-9-11-15-42-24-63-6-35-41-36-54-32-39-48-69-66*46-40-47-6-21-24-62-49-1-59-17-50-23-3-66-18-5-67-27-41-58-33-43-61-60-44*53-46-40-7-4-25-27-67-37-65-32-39-48-29-69-23-50-43-20-10-16-26-30-24-63-6-56-8-52*31-11-68-9-17-43-13-22-38-18-32-39-65*62-42-15-30-63-6-35-58-64-52-10-16-1-49-11-68-9-59*36-54-5-65-37-67-27-41-34-35-6-21-62-15-11-31-1-26-8-28-56-51-58-33-22-38-66-3-29-48*65-37-5-54-38-22-33-20-55-16-26-49-15-42-30-62*21-62-26-8-51-58-45-36-54-18-39-48-66-19-22-13-20-10-16-1-49-42*