11_4_Mumford2_GA_Very_Long_run RESULTS EVALUATION:
\
HV:0.7146 | BM:0.6490

\
	Operator	Passenger
\
f1_ATT	37.5241		25.3111
\
f2_TRT	1545		4171
\
d_0	13.4840		52.5611
\
d_1	36.7926		47.3331
\
d_2	34.3303		0.1058
\
d_un	15.3931		0.0000

\
Best Operator Route set:
\
[[39, 65, 78, 17, 95, 68, 59, 21, 28, 46],
[101, 55, 39, 65, 78, 17, 95, 50, 68, 59],
[90, 91, 49, 52, 89, 11, 64, 96, 73, 42],
[13, 32, 68, 95, 17, 56, 87, 97, 58, 60],
[13, 32, 68, 95, 17, 78, 65, 39, 55, 101],
[101, 55, 39, 65, 78, 17, 95, 68, 32, 13],
[80, 55, 39, 65, 78, 17, 95, 68, 32, 13],
[13, 32, 68, 95, 17, 78, 65, 39, 55, 101],
[13, 32, 68, 95, 17, 56, 87, 97, 58, 60],
[55, 39, 65, 17, 95, 68, 59, 21, 28, 86],
[1, 87, 80, 38, 63, 53, 8, 90, 49, 91],
[80, 55, 39, 65, 78, 17, 95, 68, 32, 13],
[101, 55, 39, 65, 78, 17, 95, 68, 32, 21],
[5, 36, 72, 44, 82, 33, 31, 102, 71, 51],
[29, 30, 43, 26, 82, 23, 19, 22, 85, 6],
[42, 5, 36, 64, 109, 89, 52, 49, 91, 90],
[27, 101, 55, 39, 65, 78, 17, 95, 50, 68],
[101, 55, 39, 65, 78, 17, 95, 68, 32, 13],
[5, 108, 36, 72, 44, 82, 33, 31, 88, 71],
[79, 64, 92, 67, 18, 66, 3, 54, 85, 24],
[101, 55, 39, 65, 78, 17, 95, 68, 32, 13],
[101, 55, 63, 53, 62, 103, 70, 25, 104, 84],
[101, 55, 39, 65, 78, 17, 95, 68, 32, 13],
[9, 18, 66, 3, 54, 22, 19, 31, 76, 14],
[55, 39, 65, 78, 17, 95, 68, 50, 20, 75],
[13, 32, 68, 95, 17, 78, 65, 39, 55, 101],
[101, 55, 39, 65, 78, 17, 95, 68, 32, 13],
[30, 43, 26, 82, 23, 19, 22, 85, 6, 81],
[101, 55, 39, 65, 78, 17, 95, 68, 32, 13],
[55, 39, 65, 78, 17, 95, 68, 59, 21, 28],
[101, 55, 39, 65, 78, 17, 95, 68, 32, 13],
[4, 77, 107, 36, 64, 89, 52, 49, 91, 90],
[41, 16, 47, 12, 8, 90, 49, 91, 100, 52],
[105, 94, 83, 15, 35, 90, 49, 7, 37, 40],
[101, 55, 39, 65, 78, 17, 95, 68, 32, 13],
[55, 39, 65, 78, 17, 95, 68, 59, 21, 28],
[68, 20, 95, 27, 105, 94, 83, 15, 34, 93],
[55, 39, 65, 78, 17, 95, 68, 50, 20, 75],
[55, 39, 65, 78, 17, 95, 68, 20, 32, 13],
[101, 55, 39, 65, 78, 17, 95, 68, 32, 13],
[48, 72, 92, 67, 98, 18, 15, 83, 105, 94],
[101, 55, 39, 65, 78, 17, 95, 68, 32, 13],
[87, 39, 65, 78, 17, 95, 68, 59, 21, 28],
[61, 1, 0, 56, 65, 78, 95, 68, 32, 13],
[55, 39, 65, 78, 17, 95, 68, 59, 21, 28],
[80, 55, 39, 65, 78, 17, 95, 68, 20, 75],
[80, 55, 39, 65, 78, 17, 95, 68, 32, 13],
[55, 45, 63, 8, 90, 49, 52, 89, 64, 96],
[89, 52, 49, 91, 90, 8, 62, 12, 60, 74],
[55, 39, 65, 78, 17, 95, 27, 59, 21, 28],
[52, 10, 57, 106, 89, 109, 64, 96, 11, 73],
[87, 39, 65, 78, 17, 95, 68, 59, 21, 28],
[38, 63, 2, 15, 34, 3, 19, 33, 99, 69],
[80, 55, 39, 65, 78, 17, 95, 68, 32, 13],
[27, 101, 55, 39, 65, 78, 17, 95, 68, 32],
[101, 55, 39, 65, 78, 17, 95, 68, 32, 13]]

\
Best Passenger Route set:
\
[[29, 43, 26, 82, 19, 24, 86, 28, 21, 32, 13, 50, 75, 20, 95, 59],
[28, 21, 27, 101, 55, 38, 53, 90, 49, 52, 89, 109, 11, 73],
[71, 88, 102, 19, 9, 92, 64, 11, 89, 106, 57, 37, 104],
[46, 28, 59, 95, 17, 78, 65, 39, 55, 45, 2, 15, 18, 92, 64, 36, 107, 4],
[75, 50, 17, 56, 0, 61, 1, 97, 80, 45, 2, 15, 18, 92, 44, 43, 29],
[91, 49, 7, 70, 16, 47, 74, 60, 12, 8, 35, 34, 3, 19, 33, 99, 69, 76, 102, 51, 86, 46],
[61, 65, 17, 50, 13, 32, 27, 105, 83, 35, 49, 7, 25, 104, 10, 52, 91, 90, 53],
[36, 64, 92, 18, 34, 83, 94, 27, 59, 32, 13, 28, 46, 51, 31, 33, 82, 44, 48, 107, 77],
[46, 86, 6, 54, 3, 93, 100, 52, 7, 84, 104],
[75, 50, 68, 21, 28, 86, 6, 85, 22, 66, 18, 92, 64, 109, 73, 96, 89, 52, 10],
[72, 44, 82, 23, 33, 76, 14, 31, 19, 9, 18, 100, 52, 7, 84, 104, 25, 70, 16, 12, 63, 55],
[29, 43, 30, 26, 82, 19, 85, 94, 27, 17, 65, 56, 0, 1],
[97, 1, 0, 78, 95, 68, 21, 28, 86, 81, 85, 3, 9, 92, 64, 96, 42, 5, 77, 107, 48],
[45, 38, 74, 60, 47, 41, 70, 25, 40, 57, 106, 73, 96, 64, 92, 9, 19, 33, 99, 69],
[26, 82, 99, 76, 31, 22, 54, 15, 2, 45, 63, 38, 58, 74],
[84, 104, 40, 57, 42, 5, 108, 4, 36, 64, 89, 52, 91, 62, 12, 16, 103, 47, 58, 97, 87],
[13, 32, 50, 65, 39, 55, 63, 8, 90, 49, 52, 10, 57, 42, 73, 109],
[40, 37, 7, 103, 12, 63, 55, 39, 65, 50, 20, 75, 17, 27, 105, 81, 86, 51],
[109, 64, 79, 36, 5, 42, 73, 106, 89, 52, 91, 90, 53, 45, 55, 39, 17, 95, 68, 20, 75],
[31, 23, 9, 3, 34, 93, 100, 52, 10, 37, 7, 49],
[14, 99, 82, 19, 3, 66, 15, 2, 45, 38, 58, 60, 12, 62, 90, 49, 7, 104],
[109, 11, 106, 42, 5, 108, 72, 92, 18, 93, 35, 8, 12, 74, 60],
[95, 50, 20, 32, 59, 27, 94, 83, 35, 91, 52, 10, 40, 37],
[32, 68, 20, 17, 56, 1, 0, 87, 45, 2, 15, 34, 18, 92, 44, 26, 30, 43, 69, 99],
[72, 44, 92, 67, 98, 93, 100, 91, 8, 63, 45, 87, 38, 53, 90, 49, 52, 89, 64, 36, 108, 5],
[29, 30, 44, 92, 67, 93, 35, 90, 53, 12, 47, 41, 70, 16, 74, 58, 97, 0, 1, 87, 55, 101],
[29, 30, 43, 72, 79, 64, 89, 52, 10, 70, 41, 12, 38, 87, 0, 1, 61],
[57, 40, 7, 103, 62, 53, 45, 55, 101, 27, 21, 46, 86, 24, 85, 66, 54],
[39, 56, 1, 0, 87, 55, 101, 94, 85, 19, 33, 14, 102, 31, 22, 3, 67, 98, 93, 35, 8, 12],
[104, 70, 103, 62, 8, 35, 15, 54, 24, 102, 88, 71],
[75, 50, 95, 27, 94, 83, 34, 93, 67, 100, 91, 35],
[73, 96, 11, 5, 107, 4, 108, 79, 64, 92, 18, 15, 83, 94, 27, 95, 50, 20, 68, 21, 86, 46],
[108, 107, 5, 42, 73, 89, 52, 91, 62, 12, 60, 58, 97, 0, 56, 39, 65, 17, 95, 68, 21, 28],
[76, 14, 33, 23, 9, 18, 100, 52, 10, 25, 84, 70, 103, 7, 57, 106, 73, 79, 72, 26, 29],
[41, 47, 12, 63, 55, 101, 27, 59, 21, 28],
[75, 68, 20, 50, 95, 59, 27, 101, 94, 105, 83, 34, 18, 92, 64, 96, 42, 57, 37, 7],
[91, 62, 103, 41, 104, 25, 7, 52, 89, 73, 79, 72, 44, 82, 23, 19, 24, 6, 54, 3, 18, 98],
[48, 36, 108, 72, 43, 30, 69, 99, 33, 19, 85, 94, 27, 59, 68, 20, 17, 78, 0, 80, 63, 53],
[102, 33, 31, 88, 51, 86, 21, 27, 101, 55, 80, 58, 74, 60, 41, 7, 57],
[61, 56, 87, 45, 2, 15, 18, 67, 98, 3, 54, 85, 94, 105, 83],
[36, 108, 72, 43, 69, 76, 31, 24, 6, 81, 94, 101, 55, 87, 56, 61],
[84, 37, 57, 106, 73, 64, 92, 9, 23, 31, 102, 51, 71],
[61, 56, 87, 38, 53, 90, 49, 52, 89, 42, 5, 77, 4],
[23, 9, 66, 18, 92, 72, 44, 30, 69, 14, 33, 19, 22, 54, 15, 35, 91, 49, 90, 53],
[4, 108, 48, 44, 82, 23, 9, 93, 35, 8, 12, 47, 58, 38, 45],
[4, 77, 107, 48, 92, 18, 93, 34, 15, 2, 63, 38, 80, 97, 87],
[54, 24, 31, 33, 99, 69, 43, 72, 48, 79, 64, 11, 89, 52, 91, 90, 62, 47, 74, 38, 87],
[71, 88, 102, 76, 14, 69, 43, 26, 44, 92, 67, 93, 35, 8, 62, 103, 16, 12, 38, 63, 45],
[70, 41, 12, 63, 2, 15, 54, 85, 19, 33, 14, 76],
[42, 96, 11, 89, 52, 49, 90, 8, 53, 63, 45, 2, 83, 105, 94, 81, 6, 3, 67, 98],
[40, 57, 106, 89, 64, 92, 18, 3, 6, 86, 28, 21, 13],
[77, 107, 36, 72, 44, 82, 19, 102, 51, 86, 21, 68, 75],
[104, 41, 60, 74, 58, 97, 87, 56, 17, 95, 59, 21, 86, 71, 88, 51, 102, 24, 22, 6, 94, 105],
[80, 58, 60, 16, 41, 104, 84, 70, 103, 62, 53, 45, 55, 39, 65, 17, 95, 59, 28, 86, 51, 88],
[93, 67, 98, 18, 66, 3, 83, 94, 27, 17, 78, 39, 87, 38, 53, 90, 91, 100],
[44, 82, 33, 31, 71, 51, 86, 6, 85, 66, 93, 100, 52, 49, 35, 2, 83, 105, 27, 59, 28]]

\
Best Operator Route set string:
\
39-65-78-17-95-68-59-21-28-46*101-55-39-65-78-17-95-50-68-59*90-91-49-52-89-11-64-96-73-42*13-32-68-95-17-56-87-97-58-60*13-32-68-95-17-78-65-39-55-101*101-55-39-65-78-17-95-68-32-13*80-55-39-65-78-17-95-68-32-13*13-32-68-95-17-78-65-39-55-101*13-32-68-95-17-56-87-97-58-60*55-39-65-17-95-68-59-21-28-86*1-87-80-38-63-53-8-90-49-91*80-55-39-65-78-17-95-68-32-13*101-55-39-65-78-17-95-68-32-21*5-36-72-44-82-33-31-102-71-51*29-30-43-26-82-23-19-22-85-6*42-5-36-64-109-89-52-49-91-90*27-101-55-39-65-78-17-95-50-68*101-55-39-65-78-17-95-68-32-13*5-108-36-72-44-82-33-31-88-71*79-64-92-67-18-66-3-54-85-24*101-55-39-65-78-17-95-68-32-13*101-55-63-53-62-103-70-25-104-84*101-55-39-65-78-17-95-68-32-13*9-18-66-3-54-22-19-31-76-14*55-39-65-78-17-95-68-50-20-75*13-32-68-95-17-78-65-39-55-101*101-55-39-65-78-17-95-68-32-13*30-43-26-82-23-19-22-85-6-81*101-55-39-65-78-17-95-68-32-13*55-39-65-78-17-95-68-59-21-28*101-55-39-65-78-17-95-68-32-13*4-77-107-36-64-89-52-49-91-90*41-16-47-12-8-90-49-91-100-52*105-94-83-15-35-90-49-7-37-40*101-55-39-65-78-17-95-68-32-13*55-39-65-78-17-95-68-59-21-28*68-20-95-27-105-94-83-15-34-93*55-39-65-78-17-95-68-50-20-75*55-39-65-78-17-95-68-20-32-13*101-55-39-65-78-17-95-68-32-13*48-72-92-67-98-18-15-83-105-94*101-55-39-65-78-17-95-68-32-13*87-39-65-78-17-95-68-59-21-28*61-1-0-56-65-78-95-68-32-13*55-39-65-78-17-95-68-59-21-28*80-55-39-65-78-17-95-68-20-75*80-55-39-65-78-17-95-68-32-13*55-45-63-8-90-49-52-89-64-96*89-52-49-91-90-8-62-12-60-74*55-39-65-78-17-95-27-59-21-28*52-10-57-106-89-109-64-96-11-73*87-39-65-78-17-95-68-59-21-28*38-63-2-15-34-3-19-33-99-69*80-55-39-65-78-17-95-68-32-13*27-101-55-39-65-78-17-95-68-32*101-55-39-65-78-17-95-68-32-13*

\
Best Passenger Route set sting:
\
29-43-26-82-19-24-86-28-21-32-13-50-75-20-95-59*28-21-27-101-55-38-53-90-49-52-89-109-11-73*71-88-102-19-9-92-64-11-89-106-57-37-104*46-28-59-95-17-78-65-39-55-45-2-15-18-92-64-36-107-4*75-50-17-56-0-61-1-97-80-45-2-15-18-92-44-43-29*91-49-7-70-16-47-74-60-12-8-35-34-3-19-33-99-69-76-102-51-86-46*61-65-17-50-13-32-27-105-83-35-49-7-25-104-10-52-91-90-53*36-64-92-18-34-83-94-27-59-32-13-28-46-51-31-33-82-44-48-107-77*46-86-6-54-3-93-100-52-7-84-104*75-50-68-21-28-86-6-85-22-66-18-92-64-109-73-96-89-52-10*72-44-82-23-33-76-14-31-19-9-18-100-52-7-84-104-25-70-16-12-63-55*29-43-30-26-82-19-85-94-27-17-65-56-0-1*97-1-0-78-95-68-21-28-86-81-85-3-9-92-64-96-42-5-77-107-48*45-38-74-60-47-41-70-25-40-57-106-73-96-64-92-9-19-33-99-69*26-82-99-76-31-22-54-15-2-45-63-38-58-74*84-104-40-57-42-5-108-4-36-64-89-52-91-62-12-16-103-47-58-97-87*13-32-50-65-39-55-63-8-90-49-52-10-57-42-73-109*40-37-7-103-12-63-55-39-65-50-20-75-17-27-105-81-86-51*109-64-79-36-5-42-73-106-89-52-91-90-53-45-55-39-17-95-68-20-75*31-23-9-3-34-93-100-52-10-37-7-49*14-99-82-19-3-66-15-2-45-38-58-60-12-62-90-49-7-104*109-11-106-42-5-108-72-92-18-93-35-8-12-74-60*95-50-20-32-59-27-94-83-35-91-52-10-40-37*32-68-20-17-56-1-0-87-45-2-15-34-18-92-44-26-30-43-69-99*72-44-92-67-98-93-100-91-8-63-45-87-38-53-90-49-52-89-64-36-108-5*29-30-44-92-67-93-35-90-53-12-47-41-70-16-74-58-97-0-1-87-55-101*29-30-43-72-79-64-89-52-10-70-41-12-38-87-0-1-61*57-40-7-103-62-53-45-55-101-27-21-46-86-24-85-66-54*39-56-1-0-87-55-101-94-85-19-33-14-102-31-22-3-67-98-93-35-8-12*104-70-103-62-8-35-15-54-24-102-88-71*75-50-95-27-94-83-34-93-67-100-91-35*73-96-11-5-107-4-108-79-64-92-18-15-83-94-27-95-50-20-68-21-86-46*108-107-5-42-73-89-52-91-62-12-60-58-97-0-56-39-65-17-95-68-21-28*76-14-33-23-9-18-100-52-10-25-84-70-103-7-57-106-73-79-72-26-29*41-47-12-63-55-101-27-59-21-28*75-68-20-50-95-59-27-101-94-105-83-34-18-92-64-96-42-57-37-7*91-62-103-41-104-25-7-52-89-73-79-72-44-82-23-19-24-6-54-3-18-98*48-36-108-72-43-30-69-99-33-19-85-94-27-59-68-20-17-78-0-80-63-53*102-33-31-88-51-86-21-27-101-55-80-58-74-60-41-7-57*61-56-87-45-2-15-18-67-98-3-54-85-94-105-83*36-108-72-43-69-76-31-24-6-81-94-101-55-87-56-61*84-37-57-106-73-64-92-9-23-31-102-51-71*61-56-87-38-53-90-49-52-89-42-5-77-4*23-9-66-18-92-72-44-30-69-14-33-19-22-54-15-35-91-49-90-53*4-108-48-44-82-23-9-93-35-8-12-47-58-38-45*4-77-107-48-92-18-93-34-15-2-63-38-80-97-87*54-24-31-33-99-69-43-72-48-79-64-11-89-52-91-90-62-47-74-38-87*71-88-102-76-14-69-43-26-44-92-67-93-35-8-62-103-16-12-38-63-45*70-41-12-63-2-15-54-85-19-33-14-76*42-96-11-89-52-49-90-8-53-63-45-2-83-105-94-81-6-3-67-98*40-57-106-89-64-92-18-3-6-86-28-21-13*77-107-36-72-44-82-19-102-51-86-21-68-75*104-41-60-74-58-97-87-56-17-95-59-21-86-71-88-51-102-24-22-6-94-105*80-58-60-16-41-104-84-70-103-62-53-45-55-39-65-17-95-59-28-86-51-88*93-67-98-18-66-3-83-94-27-17-78-39-87-38-53-90-91-100*44-82-33-31-71-51-86-6-85-66-93-100-52-49-35-2-83-105-27-59-28*