1_2_Mumford0_GA_Initial_solutions RESULTS EVALUATION:
\
HV:0.8345 | BM:0.8087

\
	Operator	Passenger
\
f1_ATT	24.6054		14.8377
\
f2_TRT	96		557
\
d_0	24.4593		78.6708
\
d_1	41.6150		21.3292
\
d_2	24.7750		0.0000
\
d_un	9.1507		0.0000

\
Best Operator Route set:
\
[[26, 0],
[1, 3],
[18, 0],
[22, 17],
[21, 5, 6, 13, 0, 22, 25, 7, 20, 14, 23, 1, 9],
[15, 10, 27, 16],
[29, 2, 27, 7],
[4, 24],
[20, 24],
[11, 25],
[22, 19, 12, 8],
[28, 25]]

\
Best Passenger Route set:
\
[[6, 16, 7, 4, 24, 1, 3, 11, 17, 22, 18, 0, 13],
[3, 1, 23, 14, 20, 7, 25, 22, 19, 12, 8],
[15, 29, 2, 21, 5, 6, 13, 18, 0, 25, 7, 20, 24, 4, 23],
[9, 23, 14, 7, 16, 6, 5, 15, 27],
[11, 25, 7, 2, 27, 16, 28, 17, 19, 12, 18, 13, 6, 15, 10],
[10, 29, 27, 7, 14, 23, 1, 9, 3, 11, 17, 22, 18, 0, 26],
[8, 12, 18, 13, 6, 21, 10, 27, 7, 28, 0, 22],
[4, 24, 14, 11, 17, 12, 8],
[7, 24, 3, 9, 1, 23, 14, 11, 17, 22, 0, 13, 6, 5, 21],
[1, 3, 11, 17, 19, 12, 8, 26, 0, 18, 13, 6, 15, 2, 29],
[5, 21, 10, 27, 7, 14, 1, 3, 9, 23],
[25, 28, 16, 6, 5, 21, 10, 15, 27, 7, 14, 23, 9, 1, 3]]

\
Best Operator Route set string:
\
26-0*1-3*18-0*22-17*21-5-6-13-0-22-25-7-20-14-23-1-9*15-10-27-16*29-2-27-7*4-24*20-24*11-25*22-19-12-8*28-25*

\
Best Passenger Route set sting:
\
6-16-7-4-24-1-3-11-17-22-18-0-13*3-1-23-14-20-7-25-22-19-12-8*15-29-2-21-5-6-13-18-0-25-7-20-24-4-23*9-23-14-7-16-6-5-15-27*11-25-7-2-27-16-28-17-19-12-18-13-6-15-10*10-29-27-7-14-23-1-9-3-11-17-22-18-0-26*8-12-18-13-6-21-10-27-7-28-0-22*4-24-14-11-17-12-8*7-24-3-9-1-23-14-11-17-22-0-13-6-5-21*1-3-11-17-19-12-8-26-0-18-13-6-15-2-29*5-21-10-27-7-14-1-3-9-23*25-28-16-6-5-21-10-15-27-7-14-23-9-1-3*