10_5_Mumford3_GA_Long_run RESULTS EVALUATION:
\
HV:0.6598 | BM:0.6385

\
	Operator	Passenger
\
f1_ATT	35.9683		28.1814
\
f2_TRT	2043		4886
\
d_0	15.0156		46.1198
\
d_1	48.6643		53.1949
\
d_2	31.8264		0.6852
\
d_un	4.4937		0.0000

\
Best Operator Route set:
\
[[114, 74, 23, 72, 124, 66, 53, 14, 100, 78, 71, 96],
[96, 71, 78, 114, 2, 79, 0, 120, 116, 65, 93, 101],
[114, 74, 23, 72, 124, 66, 53, 14, 100, 78, 71, 96],
[114, 74, 23, 49, 124, 66, 53, 14, 100, 78, 71, 96],
[114, 74, 23, 72, 124, 66, 53, 14, 100, 78, 71, 96],
[114, 74, 23, 72, 124, 66, 53, 14, 100, 78, 71, 96],
[100, 96, 78, 114, 16, 55, 45, 6, 60, 32, 20, 76],
[114, 74, 23, 72, 124, 66, 53, 14, 100, 78, 71, 96],
[114, 74, 23, 72, 124, 66, 53, 14, 100, 71, 96, 78],
[114, 74, 23, 72, 124, 66, 53, 14, 100, 78, 71, 96],
[74, 23, 72, 124, 70, 66, 53, 14, 100, 78, 71, 96],
[2, 74, 49, 72, 66, 53, 14, 100, 12, 56, 68, 34],
[114, 74, 23, 72, 124, 66, 53, 14, 100, 71, 96, 78],
[114, 74, 23, 72, 124, 66, 53, 14, 100, 78, 71, 96],
[16, 114, 74, 23, 72, 66, 53, 14, 100, 78, 71, 96],
[74, 23, 72, 124, 49, 66, 53, 14, 100, 96, 71, 78],
[16, 114, 74, 23, 72, 124, 66, 14, 100, 78, 96, 71],
[62, 16, 114, 74, 72, 66, 53, 14, 100, 78, 71, 96],
[97, 37, 2, 49, 124, 66, 53, 14, 100, 78, 71, 96],
[114, 74, 23, 72, 124, 66, 53, 14, 100, 78, 71, 96],
[114, 74, 23, 72, 124, 66, 53, 14, 100, 78, 71, 96],
[107, 15, 12, 78, 96, 71, 100, 14, 53, 66, 124, 23],
[123, 35, 125, 88, 39, 31, 89, 42, 90, 43, 69, 109],
[114, 74, 23, 72, 124, 66, 53, 14, 100, 71, 96, 78],
[114, 74, 23, 72, 124, 66, 53, 14, 100, 71, 96, 78],
[16, 114, 74, 23, 72, 66, 53, 14, 100, 78, 71, 96],
[114, 74, 23, 72, 124, 66, 53, 14, 100, 78, 71, 96],
[114, 74, 23, 72, 124, 66, 53, 14, 100, 78, 3, 96],
[119, 21, 57, 30, 33, 39, 46, 11, 2, 23, 53, 14, 106, 87, 110, 84],
[73, 99, 48, 2, 49, 124, 9, 80, 5, 24, 86, 117],
[114, 74, 23, 72, 124, 66, 53, 14, 100, 78, 3, 96],
[8, 22, 41, 25, 88, 93, 7, 26, 48, 73, 45, 112],
[114, 74, 23, 72, 124, 66, 53, 14, 100, 78, 71, 96],
[75, 32, 60, 73, 48, 2, 49, 124, 9, 63, 105, 104],
[96, 71, 100, 14, 53, 66, 80, 63, 105, 43, 98, 28],
[38, 47, 54, 51, 52, 122, 94, 29, 80, 36, 24, 102, 106, 108, 61],
[114, 74, 23, 49, 124, 66, 53, 14, 100, 78, 71, 96],
[89, 51, 31, 39, 88, 82, 116, 50, 92, 76, 85, 19],
[114, 74, 23, 72, 124, 66, 53, 14, 100, 78, 71, 96],
[18, 10, 4, 43, 59, 89, 31, 39, 88, 121, 91, 125],
[114, 2, 11, 77, 1, 118, 52, 89, 42, 113, 90, 103],
[71, 78, 114, 2, 79, 0, 120, 93, 44, 116, 40, 95],
[13, 50, 83, 92, 126, 48, 2, 23, 53, 14, 108, 115],
[114, 74, 23, 124, 72, 66, 53, 14, 100, 71, 96, 78],
[114, 74, 23, 72, 124, 66, 53, 14, 100, 71, 96, 78],
[114, 74, 23, 72, 124, 66, 53, 14, 100, 78, 71, 96],
[114, 74, 23, 72, 124, 66, 53, 14, 100, 78, 71, 96],
[114, 74, 23, 72, 124, 66, 53, 14, 100, 78, 71, 96],
[114, 74, 23, 72, 124, 66, 53, 14, 100, 78, 71, 96],
[114, 74, 23, 72, 124, 66, 53, 14, 100, 78, 71, 96],
[42, 17, 113, 89, 52, 118, 1, 67, 81, 29, 94, 27],
[111, 64, 43, 113, 89, 52, 118, 1, 11, 79, 97, 48],
[32, 60, 73, 48, 2, 49, 124, 70, 9, 63, 58, 105],
[2, 11, 77, 1, 46, 118, 52, 89, 42, 113, 90, 103],
[114, 74, 23, 72, 124, 66, 53, 14, 100, 78, 71, 96],
[114, 74, 23, 72, 124, 66, 53, 14, 100, 96, 71, 78],
[114, 74, 23, 72, 124, 66, 53, 14, 100, 78, 71, 96],
[114, 74, 23, 72, 124, 66, 53, 14, 100, 78, 71, 96],
[114, 74, 49, 72, 124, 66, 53, 14, 100, 78, 71, 96],
[114, 74, 23, 72, 124, 66, 53, 14, 100, 78, 71, 96]]

\
Best Passenger Route set:
\
[[112, 55, 16, 114, 74, 66, 80, 63, 105, 104, 59, 89, 42, 17, 64, 103, 109],
[120, 26, 48, 73, 60, 32, 20, 76, 13, 95, 82, 88, 39, 31, 89, 17, 64, 4, 18, 86, 117, 24, 102, 106, 61],
[16, 55, 99, 48, 26, 7, 101, 88, 91, 125, 21, 119],
[40, 93, 88, 39, 38, 54, 30, 41, 33, 31, 51, 52, 27, 122, 94, 29, 80, 66, 53, 14, 100, 12, 56, 68, 34],
[19, 85, 20, 32, 60, 73, 48, 2, 49, 124, 9, 63, 105, 104, 18, 109, 69, 4, 111, 64, 43, 59],
[107, 15, 56, 84, 110, 87, 24, 86, 109, 4, 103, 90, 113, 89, 52, 118, 1, 11, 0, 48, 73, 60, 112],
[125, 91, 82, 65, 50, 19, 92, 126, 48, 2, 49, 66, 80, 36, 24, 86, 10, 18, 109, 69],
[81, 67, 77, 11, 0, 97, 37, 2, 114, 16, 112, 6, 73, 48, 26, 101, 88, 25, 30, 57, 21, 119],
[34, 68, 110, 87, 24, 36, 63, 58, 104, 42, 89, 52, 51, 47, 31, 33, 30, 25, 39, 46, 67, 81, 80, 70],
[62, 112, 32, 6, 60, 75, 19, 13, 83, 76, 92, 126, 73, 48, 2, 23, 53, 61, 87, 110, 84, 68, 34],
[59, 90, 98, 103, 4, 18, 10, 117, 86, 24, 36, 29, 27, 1, 11, 7, 40, 95],
[107, 3, 78, 100, 14, 66, 80, 63, 105, 42, 113, 98, 28],
[107, 15, 56, 68, 12, 3, 115, 106, 108, 14, 66, 80, 29, 122, 52, 31, 38, 30, 22, 21],
[3, 12, 78, 114, 16, 112, 45, 73, 48, 97, 79, 11, 1, 118, 52, 89, 17, 43, 69, 109, 10, 117],
[114, 16, 55, 6, 73, 48, 79, 11, 1, 118, 52, 89, 17, 98],
[87, 61, 53, 23, 37, 79, 0, 26, 40, 95, 123, 35, 8, 41, 33, 31, 51],
[29, 9, 70, 72, 23, 2, 48, 126, 92, 83, 13, 95, 82, 88, 39, 31, 51, 89, 59, 104, 18, 86, 117],
[28, 103, 90, 98, 42, 59, 113, 89, 52, 122, 29, 80, 66, 14, 100, 71, 96, 3, 12],
[34, 56, 15, 3, 78, 114, 2, 11, 7, 93, 82, 116, 101, 120],
[10, 69, 43, 113, 89, 31, 39, 88, 125, 123, 95, 82, 116, 65, 93],
[17, 98, 43, 105, 63, 80, 66, 14, 100, 12, 15, 107],
[116, 65, 44, 82, 91, 125, 22, 30, 54, 47, 51, 52, 118, 1, 11, 2, 37, 74, 114, 16, 62, 112, 6, 45, 55],
[94, 81, 27, 118, 46, 39, 88, 121, 125, 35, 21, 8, 41, 30, 38, 52, 122, 29, 5, 24, 87, 110, 68, 34],
[21, 8, 22, 30, 39, 46, 11, 2, 23, 53, 61, 115, 106, 102, 24, 36, 29, 81, 94, 27, 67, 1, 77],
[28, 64, 111, 103, 90, 43, 105, 63, 9, 72, 124, 49, 2, 48, 73, 45, 55, 16, 112, 32, 126, 26, 11, 67, 27],
[0, 11, 67, 27, 122, 118, 1, 46, 39, 38, 54, 51, 89, 42, 28],
[13, 95, 65, 120, 0, 79, 2, 114, 78, 12, 68, 34],
[47, 54, 51, 52, 122, 29, 9, 70, 66, 14, 100, 3, 107, 15],
[62, 16, 114, 74, 66, 80, 63, 58, 104, 43, 64, 28, 98, 113, 89, 31, 38, 54, 33],
[56, 84, 110, 87, 106, 108, 14, 53, 23, 37, 79, 0, 101, 88, 91, 123, 95, 44, 116],
[104, 43, 69, 10, 86, 117, 24, 5, 29, 27, 67, 1, 77, 0, 48, 73, 45, 60, 75, 20, 92, 50, 83],
[81, 94, 29, 9, 5, 80, 36, 24, 87, 110, 84, 56, 12, 3, 96, 78, 114, 2, 79, 0, 101, 88, 91, 123],
[33, 25, 121, 88, 101, 0, 97, 2, 114, 78, 96, 3, 107],
[57, 30, 33, 38, 52, 122, 81, 9, 66, 14, 61, 115, 108, 106, 102, 24, 5, 58, 104, 43, 90, 17, 113, 98, 64],
[122, 81, 67, 11, 2, 114, 16, 112, 6, 45, 73, 48, 26, 101, 88, 25, 41, 8, 22, 119, 21],
[24, 117, 18, 109, 43, 90, 113, 89, 31, 39, 88, 93, 116, 50, 83, 92, 85, 76],
[6, 73, 99, 48, 97, 11, 1, 118, 52, 89, 17, 28, 64, 111],
[20, 92, 126, 26, 11, 46, 118, 52, 89, 42, 43, 69, 18],
[69, 109, 18, 104, 58, 63, 80, 9, 70, 124, 49, 2, 79, 0, 120, 116, 44, 65, 7],
[49, 124, 72, 14, 100, 78, 114, 2, 11, 46, 39, 33, 30, 22, 21],
[82, 44, 93, 120, 0, 79, 37, 23, 72, 14, 61, 87, 110, 84],
[56, 34, 68, 110, 87, 24, 5, 58, 104, 59, 89, 31, 38, 39, 46, 67, 118, 1, 77, 11],
[105, 104, 18, 109, 69, 43, 59, 89, 52, 118, 1, 11, 26, 126, 92, 85, 19, 20, 75, 32, 45],
[58, 63, 80, 70, 9, 5, 24, 86, 117, 10, 4, 43, 113, 89, 51, 38, 25, 91, 123],
[75, 20, 76, 92, 40, 93, 88, 39, 31, 89, 17, 64, 111],
[34, 68, 3, 96, 78, 114, 16, 55, 60, 32, 20, 85, 19, 13, 95, 44, 93, 7, 101, 116, 65, 120, 26, 126, 92],
[95, 123, 35, 21, 119, 22, 30, 39, 46, 11, 2, 37, 74, 114, 78, 71, 96, 100, 14, 106, 87, 24, 102],
[91, 125, 21, 35, 123, 95, 13, 50, 92, 126, 48, 2, 49, 72, 66, 80, 5, 24, 117, 10, 69, 111, 103],
[86, 117, 10, 69, 43, 42, 89, 31, 38, 30, 22, 119, 21],
[66, 14, 100, 96, 3, 15, 107, 56, 84, 87, 24, 36, 5, 29, 94, 122, 52, 38, 33, 30, 22, 119, 21, 35],
[13, 83, 50, 40, 65, 93, 88, 39, 31, 89, 42, 98],
[116, 40, 82, 91, 35, 21, 119, 8, 57, 30, 39, 46, 1, 77, 11, 2, 114, 16, 55, 99],
[90, 113, 17, 89, 31, 38, 39, 46, 118, 67, 77, 11],
[20, 50, 83, 92, 40, 44, 82, 88, 39, 31, 51, 89, 42, 90, 103, 109, 10],
[108, 106, 61, 102, 87, 84, 110, 68, 56, 3, 78, 114, 23, 74, 2, 48, 99, 55, 45, 6, 60, 32, 126],
[7, 120, 44, 93, 101, 88, 121, 91, 82, 65, 116, 95, 13, 50, 83, 92, 126, 48, 2, 114, 78, 71, 3, 56, 34],
[111, 28, 42, 113, 17, 98, 103, 43, 59, 89, 52, 118, 67, 77, 0, 48, 73, 60, 75, 32, 126, 26, 93, 120],
[66, 124, 23, 72, 14, 108, 102, 24, 36, 5, 63, 105, 104, 59, 89, 52, 31, 30, 88, 93, 116, 50, 76, 83],
[19, 32, 60, 73, 48, 2, 23, 53, 14, 108, 106, 115, 3, 107, 12],
[123, 35, 125, 88, 101, 0, 79, 2, 23, 53, 61, 102, 24, 36, 29, 5, 58, 63, 80, 81, 122, 52, 31, 51]]

\
Best Operator Route set string:
\
114-74-23-72-124-66-53-14-100-78-71-96*96-71-78-114-2-79-0-120-116-65-93-101*114-74-23-72-124-66-53-14-100-78-71-96*114-74-23-49-124-66-53-14-100-78-71-96*114-74-23-72-124-66-53-14-100-78-71-96*114-74-23-72-124-66-53-14-100-78-71-96*100-96-78-114-16-55-45-6-60-32-20-76*114-74-23-72-124-66-53-14-100-78-71-96*114-74-23-72-124-66-53-14-100-71-96-78*114-74-23-72-124-66-53-14-100-78-71-96*74-23-72-124-70-66-53-14-100-78-71-96*2-74-49-72-66-53-14-100-12-56-68-34*114-74-23-72-124-66-53-14-100-71-96-78*114-74-23-72-124-66-53-14-100-78-71-96*16-114-74-23-72-66-53-14-100-78-71-96*74-23-72-124-49-66-53-14-100-96-71-78*16-114-74-23-72-124-66-14-100-78-96-71*62-16-114-74-72-66-53-14-100-78-71-96*97-37-2-49-124-66-53-14-100-78-71-96*114-74-23-72-124-66-53-14-100-78-71-96*114-74-23-72-124-66-53-14-100-78-71-96*107-15-12-78-96-71-100-14-53-66-124-23*123-35-125-88-39-31-89-42-90-43-69-109*114-74-23-72-124-66-53-14-100-71-96-78*114-74-23-72-124-66-53-14-100-71-96-78*16-114-74-23-72-66-53-14-100-78-71-96*114-74-23-72-124-66-53-14-100-78-71-96*114-74-23-72-124-66-53-14-100-78-3-96*119-21-57-30-33-39-46-11-2-23-53-14-106-87-110-84*73-99-48-2-49-124-9-80-5-24-86-117*114-74-23-72-124-66-53-14-100-78-3-96*8-22-41-25-88-93-7-26-48-73-45-112*114-74-23-72-124-66-53-14-100-78-71-96*75-32-60-73-48-2-49-124-9-63-105-104*96-71-100-14-53-66-80-63-105-43-98-28*38-47-54-51-52-122-94-29-80-36-24-102-106-108-61*114-74-23-49-124-66-53-14-100-78-71-96*89-51-31-39-88-82-116-50-92-76-85-19*114-74-23-72-124-66-53-14-100-78-71-96*18-10-4-43-59-89-31-39-88-121-91-125*114-2-11-77-1-118-52-89-42-113-90-103*71-78-114-2-79-0-120-93-44-116-40-95*13-50-83-92-126-48-2-23-53-14-108-115*114-74-23-124-72-66-53-14-100-71-96-78*114-74-23-72-124-66-53-14-100-71-96-78*114-74-23-72-124-66-53-14-100-78-71-96*114-74-23-72-124-66-53-14-100-78-71-96*114-74-23-72-124-66-53-14-100-78-71-96*114-74-23-72-124-66-53-14-100-78-71-96*114-74-23-72-124-66-53-14-100-78-71-96*42-17-113-89-52-118-1-67-81-29-94-27*111-64-43-113-89-52-118-1-11-79-97-48*32-60-73-48-2-49-124-70-9-63-58-105*2-11-77-1-46-118-52-89-42-113-90-103*114-74-23-72-124-66-53-14-100-78-71-96*114-74-23-72-124-66-53-14-100-96-71-78*114-74-23-72-124-66-53-14-100-78-71-96*114-74-23-72-124-66-53-14-100-78-71-96*114-74-49-72-124-66-53-14-100-78-71-96*114-74-23-72-124-66-53-14-100-78-71-96*

\
Best Passenger Route set sting:
\
112-55-16-114-74-66-80-63-105-104-59-89-42-17-64-103-109*120-26-48-73-60-32-20-76-13-95-82-88-39-31-89-17-64-4-18-86-117-24-102-106-61*16-55-99-48-26-7-101-88-91-125-21-119*40-93-88-39-38-54-30-41-33-31-51-52-27-122-94-29-80-66-53-14-100-12-56-68-34*19-85-20-32-60-73-48-2-49-124-9-63-105-104-18-109-69-4-111-64-43-59*107-15-56-84-110-87-24-86-109-4-103-90-113-89-52-118-1-11-0-48-73-60-112*125-91-82-65-50-19-92-126-48-2-49-66-80-36-24-86-10-18-109-69*81-67-77-11-0-97-37-2-114-16-112-6-73-48-26-101-88-25-30-57-21-119*34-68-110-87-24-36-63-58-104-42-89-52-51-47-31-33-30-25-39-46-67-81-80-70*62-112-32-6-60-75-19-13-83-76-92-126-73-48-2-23-53-61-87-110-84-68-34*59-90-98-103-4-18-10-117-86-24-36-29-27-1-11-7-40-95*107-3-78-100-14-66-80-63-105-42-113-98-28*107-15-56-68-12-3-115-106-108-14-66-80-29-122-52-31-38-30-22-21*3-12-78-114-16-112-45-73-48-97-79-11-1-118-52-89-17-43-69-109-10-117*114-16-55-6-73-48-79-11-1-118-52-89-17-98*87-61-53-23-37-79-0-26-40-95-123-35-8-41-33-31-51*29-9-70-72-23-2-48-126-92-83-13-95-82-88-39-31-51-89-59-104-18-86-117*28-103-90-98-42-59-113-89-52-122-29-80-66-14-100-71-96-3-12*34-56-15-3-78-114-2-11-7-93-82-116-101-120*10-69-43-113-89-31-39-88-125-123-95-82-116-65-93*17-98-43-105-63-80-66-14-100-12-15-107*116-65-44-82-91-125-22-30-54-47-51-52-118-1-11-2-37-74-114-16-62-112-6-45-55*94-81-27-118-46-39-88-121-125-35-21-8-41-30-38-52-122-29-5-24-87-110-68-34*21-8-22-30-39-46-11-2-23-53-61-115-106-102-24-36-29-81-94-27-67-1-77*28-64-111-103-90-43-105-63-9-72-124-49-2-48-73-45-55-16-112-32-126-26-11-67-27*0-11-67-27-122-118-1-46-39-38-54-51-89-42-28*13-95-65-120-0-79-2-114-78-12-68-34*47-54-51-52-122-29-9-70-66-14-100-3-107-15*62-16-114-74-66-80-63-58-104-43-64-28-98-113-89-31-38-54-33*56-84-110-87-106-108-14-53-23-37-79-0-101-88-91-123-95-44-116*104-43-69-10-86-117-24-5-29-27-67-1-77-0-48-73-45-60-75-20-92-50-83*81-94-29-9-5-80-36-24-87-110-84-56-12-3-96-78-114-2-79-0-101-88-91-123*33-25-121-88-101-0-97-2-114-78-96-3-107*57-30-33-38-52-122-81-9-66-14-61-115-108-106-102-24-5-58-104-43-90-17-113-98-64*122-81-67-11-2-114-16-112-6-45-73-48-26-101-88-25-41-8-22-119-21*24-117-18-109-43-90-113-89-31-39-88-93-116-50-83-92-85-76*6-73-99-48-97-11-1-118-52-89-17-28-64-111*20-92-126-26-11-46-118-52-89-42-43-69-18*69-109-18-104-58-63-80-9-70-124-49-2-79-0-120-116-44-65-7*49-124-72-14-100-78-114-2-11-46-39-33-30-22-21*82-44-93-120-0-79-37-23-72-14-61-87-110-84*56-34-68-110-87-24-5-58-104-59-89-31-38-39-46-67-118-1-77-11*105-104-18-109-69-43-59-89-52-118-1-11-26-126-92-85-19-20-75-32-45*58-63-80-70-9-5-24-86-117-10-4-43-113-89-51-38-25-91-123*75-20-76-92-40-93-88-39-31-89-17-64-111*34-68-3-96-78-114-16-55-60-32-20-85-19-13-95-44-93-7-101-116-65-120-26-126-92*95-123-35-21-119-22-30-39-46-11-2-37-74-114-78-71-96-100-14-106-87-24-102*91-125-21-35-123-95-13-50-92-126-48-2-49-72-66-80-5-24-117-10-69-111-103*86-117-10-69-43-42-89-31-38-30-22-119-21*66-14-100-96-3-15-107-56-84-87-24-36-5-29-94-122-52-38-33-30-22-119-21-35*13-83-50-40-65-93-88-39-31-89-42-98*116-40-82-91-35-21-119-8-57-30-39-46-1-77-11-2-114-16-55-99*90-113-17-89-31-38-39-46-118-67-77-11*20-50-83-92-40-44-82-88-39-31-51-89-42-90-103-109-10*108-106-61-102-87-84-110-68-56-3-78-114-23-74-2-48-99-55-45-6-60-32-126*7-120-44-93-101-88-121-91-82-65-116-95-13-50-83-92-126-48-2-114-78-71-3-56-34*111-28-42-113-17-98-103-43-59-89-52-118-67-77-0-48-73-60-75-32-126-26-93-120*66-124-23-72-14-108-102-24-36-5-63-105-104-59-89-52-31-30-88-93-116-50-76-83*19-32-60-73-48-2-23-53-14-108-106-115-3-107-12*123-35-125-88-101-0-79-2-23-53-61-102-24-36-29-5-58-63-80-81-122-52-31-51*